year	month	hanle_pblh_era5	merak_pblh_era5
1979	1	0.2895718	0.2895718
1979	2	0.24444166	0.24444166
1979	3	0.32350558	0.32350558
1979	4	0.22474524	0.22474524
1979	5	0.64761716	0.64761716
1979	6	0.8996858	0.8996858
1979	7	1.1541424	1.1541424
1979	8	1.0963005	1.0963005
1979	9	0.98913074	0.98913074
1979	10	0.9135908	0.9135908
1979	11	0.55521244	0.55521244
1979	12	0.4501893	0.4501893
1980	1	0.34222952	0.34222952
1980	2	0.36021543	0.36021543
1980	3	0.34389058	0.34389058
1980	4	0.44425097	0.44425097
1980	5	0.802152	0.802152
1980	6	1.2697651	1.2697651
1980	7	0.81034446	0.81034446
1980	8	0.8864228	0.8864228
1980	9	1.059368	1.059368
1980	10	1.0734394	1.0734394
1980	11	0.6536938	0.6536938
1980	12	0.62072784	0.62072784
1981	1	0.46122962	0.46122962
1981	2	0.25095436	0.25095436
1981	3	0.21433847	0.21433847
1981	4	0.47020972	0.47020972
1981	5	1.1116614	1.1116614
1981	6	1.3262323	1.3262323
1981	7	0.9843752	0.9843752
1981	8	0.9361284	0.9361284
1981	9	1.1848712	1.1848712
1981	10	1.0559658	1.0559658
1981	11	0.14095856	0.14095856
1981	12	0.20339058	0.20339058
1982	1	0.27382508	0.27382508
1982	2	0.29066917	0.29066917
1982	3	0.21260945	0.21260945
1982	4	0.20657736	0.20657736
1982	5	0.4769116	0.4769116
1982	6	0.7923405	0.7923405
1982	7	0.9806434	0.9806434
1982	8	0.8005266	0.8005266
1982	9	1.1053843	1.1053843
1982	10	0.8784795	0.8784795
1982	11	0.64999676	0.64999676
1982	12	0.29672566	0.29672566
1983	1	0.14848277	0.14848277
1983	2	0.1648983	0.1648983
1983	3	0.24855898	0.24855898
1983	4	0.21206442	0.21206442
1983	5	0.29626015	0.29626015
1983	6	0.81913257	0.81913257
1983	7	0.91241735	0.91241735
1983	8	0.7440432	0.7440432
1983	9	0.9247099	0.9247099
1983	10	0.96628094	0.96628094
1983	11	0.79530096	0.79530096
1983	12	0.60419613	0.60419613
1984	1	0.5548625	0.5548625
1984	2	0.5056874	0.5056874
1984	3	0.20062166	0.20062166
1984	4	0.39274794	0.39274794
1984	5	0.9331089	0.9331089
1984	6	1.2864704	1.2864704
1984	7	0.7956198	0.7956198
1984	8	0.6704922	0.6704922
1984	9	1.0002534	1.0002534
1984	10	1.0324897	1.0324897
1984	11	0.73855925	0.73855925
1984	12	0.56458324	0.56458324
1985	1	0.12367837	0.12367837
1985	2	0.18508567	0.18508567
1985	3	0.61049694	0.61049694
1985	4	0.46827686	0.46827686
1985	5	0.6430145	0.6430145
1985	6	1.0282983	1.0282983
1985	7	0.769875	0.769875
1985	8	0.8297739	0.8297739
1985	9	1.1055021	1.1055021
1985	10	0.7375421	0.7375421
1985	11	0.5959951	0.5959951
1985	12	0.42716798	0.42716798
1986	1	0.2493569	0.2493569
1986	2	0.3126744	0.3126744
1986	3	0.40817714	0.40817714
1986	4	0.32015082	0.32015082
1986	5	0.66545004	0.66545004
1986	6	0.873723	0.873723
1986	7	0.75483686	0.75483686
1986	8	0.72756994	0.72756994
1986	9	1.0068673	1.0068673
1986	10	0.31174582	0.31174582
1986	11	0.5101981	0.5101981
1986	12	0.17191403	0.17191403
1987	1	0.12344545	0.12344545
1987	2	0.27720374	0.27720374
1987	3	0.20860597	0.20860597
1987	4	0.36995533	0.36995533
1987	5	0.4730589	0.4730589
1987	6	0.79941726	0.79941726
1987	7	1.0685754	1.0685754
1987	8	0.9008098	0.9008098
1987	9	1.1460929	1.1460929
1987	10	0.8901199	0.8901199
1987	11	0.5491459	0.5491459
1987	12	0.43321937	0.43321937
1988	1	0.25783682	0.25783682
1988	2	0.4090868	0.4090868
1988	3	0.18739156	0.18739156
1988	4	0.18167125	0.18167125
1988	5	0.85317385	0.85317385
1988	6	1.1200936	1.1200936
1988	7	0.8576176	0.8576176
1988	8	0.75994474	0.75994474
1988	9	1.0113397	1.0113397
1988	10	0.8969225	0.8969225
1988	11	0.66900927	0.66900927
1988	12	0.4287407	0.4287407
1989	1	0.204768	0.204768
1989	2	0.30890793	0.30890793
1989	3	0.28552762	0.28552762
1989	4	0.39882964	0.39882964
1989	5	0.68365353	0.68365353
1989	6	1.0424747	1.0424747
1989	7	1.1002167	1.1002167
1989	8	0.9688517	0.9688517
1989	9	1.0591613	1.0591613
1989	10	1.0290732	1.0290732
1989	11	0.5805372	0.5805372
1989	12	0.1734816	0.1734816
1990	1	0.30299905	0.30299905
1990	2	0.21342492	0.21342492
1990	3	0.17476484	0.17476484
1990	4	0.20802312	0.20802312
1990	5	0.47695905	0.47695905
1990	6	1.0617868	1.0617868
1990	7	0.9500152	0.9500152
1990	8	0.89322364	0.89322364
1990	9	1.0608692	1.0608692
1990	10	0.9775741	0.9775741
1990	11	0.6929523	0.6929523
1990	12	0.53095293	0.53095293
1991	1	0.096242696	0.096242696
1991	2	0.30263716	0.30263716
1991	3	0.1849189	0.1849189
1991	4	0.21029851	0.21029851
1991	5	0.31326404	0.31326404
1991	6	0.66709507	0.66709507
1991	7	1.0436077	1.0436077
1991	8	1.1472554	1.1472554
1991	9	1.0268248	1.0268248
1991	10	1.1782199	1.1782199
1991	11	0.9792217	0.9792217
1991	12	0.5623223	0.5623223
1992	1	0.37953725	0.37953725
1992	2	0.13578917	0.13578917
1992	3	0.3896672	0.3896672
1992	4	0.22593233	0.22593233
1992	5	0.59034294	0.59034294
1992	6	0.9824499	0.9824499
1992	7	0.8800394	0.8800394
1992	8	0.87282884	0.87282884
1992	9	1.1107129	1.1107129
1992	10	1.0958825	1.0958825
1992	11	0.6627884	0.6627884
1992	12	0.4329935	0.4329935
1993	1	0.2397694	0.2397694
1993	2	0.33334985	0.33334985
1993	3	0.22362344	0.22362344
1993	4	0.33068955	0.33068955
1993	5	1.0281852	1.0281852
1993	6	1.377232	1.377232
1993	7	1.0177884	1.0177884
1993	8	1.237225	1.237225
1993	9	0.8461083	0.8461083
1993	10	1.1578655	1.1578655
1993	11	0.6257143	0.6257143
1993	12	0.40463933	0.40463933
1994	1	0.37688017	0.37688017
1994	2	0.17472818	0.17472818
1994	3	0.17506947	0.17506947
1994	4	0.30274326	0.30274326
1994	5	0.505527	0.505527
1994	6	0.9766393	0.9766393
1994	7	0.8144837	0.8144837
1994	8	0.59750646	0.59750646
1994	9	0.9560245	0.9560245
1994	10	1.115017	1.115017
1994	11	0.76037055	0.76037055
1994	12	0.45509773	0.45509773
1995	1	0.11784436	0.11784436
1995	2	0.1929597	0.1929597
1995	3	0.31224436	0.31224436
1995	4	0.52861184	0.52861184
1995	5	0.91761786	0.91761786
1995	6	1.108406	1.108406
1995	7	1.2110327	1.2110327
1995	8	0.60740525	0.60740525
1995	9	0.9405183	0.9405183
1995	10	0.9924625	0.9924625
1995	11	0.6041532	0.6041532
1995	12	0.39155522	0.39155522
1996	1	0.33662188	0.33662188
1996	2	0.22413051	0.22413051
1996	3	0.30009764	0.30009764
1996	4	0.18918662	0.18918662
1996	5	0.57468307	0.57468307
1996	6	0.83731437	0.83731437
1996	7	1.1490957	1.1490957
1996	8	0.68409485	0.68409485
1996	9	1.0318575	1.0318575
1996	10	0.90977573	0.90977573
1996	11	0.813277	0.813277
1996	12	0.420394	0.420394
1997	1	0.35491487	0.35491487
1997	2	0.26420042	0.26420042
1997	3	0.41414872	0.41414872
1997	4	0.535528	0.535528
1997	5	0.9834683	0.9834683
1997	6	1.2299001	1.2299001
1997	7	1.1006619	1.1006619
1997	8	0.91581285	0.91581285
1997	9	1.081222	1.081222
1997	10	0.33477652	0.33477652
1997	11	0.21748836	0.21748836
1997	12	0.097577974	0.097577974
1998	1	0.1497618	0.1497618
1998	2	0.24229215	0.24229215
1998	3	0.20365433	0.20365433
1998	4	0.2902529	0.2902529
1998	5	0.77259	0.77259
1998	6	0.70534694	0.70534694
1998	7	1.124845	1.124845
1998	8	1.0998288	1.0998288
1998	9	0.9128191	0.9128191
1998	10	0.5528183	0.5528183
1998	11	0.06803433	0.06803433
1998	12	0.13227926	0.13227926
1999	1	0.18184097	0.18184097
1999	2	0.19350971	0.19350971
1999	3	0.28024557	0.28024557
1999	4	0.35099122	0.35099122
1999	5	0.71715504	0.71715504
1999	6	1.0457188	1.0457188
1999	7	1.0716349	1.0716349
1999	8	0.73244774	0.73244774
1999	9	0.83075064	0.83075064
1999	10	0.98511416	0.98511416
1999	11	0.7737408	0.7737408
1999	12	0.61156446	0.61156446
2000	1	0.4641113	0.4641113
2000	2	0.33451498	0.33451498
2000	3	0.402424	0.402424
2000	4	0.62089485	0.62089485
2000	5	1.2679075	1.2679075
2000	6	0.77310634	0.77310634
2000	7	0.7250262	0.7250262
2000	8	0.84881616	0.84881616
2000	9	1.119604	1.119604
2000	10	1.15933	1.15933
2000	11	0.93335044	0.93335044
2000	12	0.3911419	0.3911419
2001	1	0.53162116	0.53162116
2001	2	0.5729172	0.5729172
2001	3	0.54923135	0.54923135
2001	4	0.5972909	0.5972909
2001	5	1.3002105	1.3002105
2001	6	1.2240942	1.2240942
2001	7	1.0025594	1.0025594
2001	8	1.0584065	1.0584065
2001	9	1.2571917	1.2571917
2001	10	1.1414164	1.1414164
2001	11	0.6492134	0.6492134
2001	12	0.40680608	0.40680608
2002	1	0.2495018	0.2495018
2002	2	0.3173996	0.3173996
2002	3	0.12634532	0.12634532
2002	4	0.47035575	0.47035575
2002	5	0.6856974	0.6856974
2002	6	1.1271583	1.1271583
2002	7	1.3071179	1.3071179
2002	8	0.7220322	0.7220322
2002	9	0.7720787	0.7720787
2002	10	0.7895461	0.7895461
2002	11	0.5620172	0.5620172
2002	12	0.59078205	0.59078205
2003	1	0.58171004	0.58171004
2003	2	0.31704098	0.31704098
2003	3	0.24552001	0.24552001
2003	4	0.24987848	0.24987848
2003	5	0.5379664	0.5379664
2003	6	0.90368223	0.90368223
2003	7	1.0857886	1.0857886
2003	8	1.0158914	1.0158914
2003	9	1.0745322	1.0745322
2003	10	1.1038622	1.1038622
2003	11	0.7799472	0.7799472
2003	12	0.37918386	0.37918386
2004	1	0.27026975	0.27026975
2004	2	0.18919542	0.18919542
2004	3	0.64280933	0.64280933
2004	4	0.9144305	0.9144305
2004	5	0.95822597	0.95822597
2004	6	1.3233137	1.3233137
2004	7	1.2850763	1.2850763
2004	8	1.1478082	1.1478082
2004	9	1.0702477	1.0702477
2004	10	0.82412094	0.82412094
2004	11	0.6845587	0.6845587
2004	12	0.574129	0.574129
2005	1	0.16872463	0.16872463
2005	2	0.283617	0.283617
2005	3	0.1704977	0.1704977
2005	4	0.32437602	0.32437602
2005	5	0.6909978	0.6909978
2005	6	0.8954179	0.8954179
2005	7	0.9231469	0.9231469
2005	8	1.2249706	1.2249706
2005	9	0.7340593	0.7340593
2005	10	1.0014361	1.0014361
2005	11	1.0172955	1.0172955
2005	12	0.6512831	0.6512831
2006	1	0.31177926	0.31177926
2006	2	0.15084323	0.15084323
2006	3	0.15008707	0.15008707
2006	4	0.20453323	0.20453323
2006	5	0.5388984	0.5388984
2006	6	1.1017319	1.1017319
2006	7	0.9725992	0.9725992
2006	8	0.55399656	0.55399656
2006	9	0.9282503	0.9282503
2006	10	0.8304523	0.8304523
2006	11	0.47297755	0.47297755
2006	12	0.1645876	0.1645876
2007	1	0.18821153	0.18821153
2007	2	0.3049828	0.3049828
2007	3	0.1472959	0.1472959
2007	4	0.32646734	0.32646734
2007	5	0.76528275	0.76528275
2007	6	1.1838696	1.1838696
2007	7	1.1366558	1.1366558
2007	8	0.96331954	0.96331954
2007	9	1.0034648	1.0034648
2007	10	1.024279	1.024279
2007	11	0.89799416	0.89799416
2007	12	0.61556417	0.61556417
2008	1	0.31900182	0.31900182
2008	2	0.17992985	0.17992985
2008	3	0.26010424	0.26010424
2008	4	0.4622917	0.4622917
2008	5	0.73438776	0.73438776
2008	6	1.0321695	1.0321695
2008	7	0.9744756	0.9744756
2008	8	0.78139794	0.78139794
2008	9	0.61488986	0.61488986
2008	10	0.5466237	0.5466237
2008	11	0.7152179	0.7152179
2008	12	0.33472314	0.33472314
2009	1	0.17694762	0.17694762
2009	2	0.18828456	0.18828456
2009	3	0.23195043	0.23195043
2009	4	0.38458496	0.38458496
2009	5	0.70606697	0.70606697
2009	6	1.0285492	1.0285492
2009	7	1.1650327	1.1650327
2009	8	1.1014662	1.1014662
2009	9	0.39155394	0.39155394
2009	10	0.860471	0.860471
2009	11	0.48432294	0.48432294
2009	12	0.23057924	0.23057924
2010	1	0.23390573	0.23390573
2010	2	0.28509644	0.28509644
2010	3	0.23909585	0.23909585
2010	4	0.6798846	0.6798846
2010	5	1.0832903	1.0832903
2010	6	0.81775296	0.81775296
2010	7	0.9112129	0.9112129
2010	8	0.60341656	0.60341656
2010	9	0.7330098	0.7330098
2010	10	0.82606876	0.82606876
2010	11	0.39919522	0.39919522
2010	12	0.47231698	0.47231698
2011	1	0.21629673	0.21629673
2011	2	0.2696833	0.2696833
2011	3	0.22941333	0.22941333
2011	4	0.2602061	0.2602061
2011	5	0.8003266	0.8003266
2011	6	1.0367802	1.0367802
2011	7	1.0885794	1.0885794
2011	8	0.77811325	0.77811325
2011	9	0.9161587	0.9161587
2011	10	1.1431967	1.1431967
2011	11	0.8757875	0.8757875
2011	12	0.7886854	0.7886854
2012	1	0.4320223	0.4320223
2012	2	0.44018117	0.44018117
2012	3	0.2593168	0.2593168
2012	4	0.37542486	0.37542486
2012	5	0.8314019	0.8314019
2012	6	1.1383318	1.1383318
2012	7	1.3364612	1.3364612
2012	8	0.87813985	0.87813985
2012	9	0.9008829	0.9008829
2012	10	1.1113924	1.1113924
2012	11	0.76648736	0.76648736
2012	12	0.38341677	0.38341677
2013	1	0.1711451	0.1711451
2013	2	0.14635536	0.14635536
2013	3	0.1466211	0.1466211
2013	4	0.40267342	0.40267342
2013	5	0.87227654	0.87227654
2013	6	0.79612315	0.79612315
2013	7	1.0513632	1.0513632
2013	8	0.7265574	0.7265574
2013	9	1.0809542	1.0809542
2013	10	0.88502717	0.88502717
2013	11	0.5394655	0.5394655
2013	12	0.63176453	0.63176453
2014	1	0.2779361	0.2779361
2014	2	0.21959107	0.21959107
2014	3	0.22868608	0.22868608
2014	4	0.25725636	0.25725636
2014	5	0.73808414	0.73808414
2014	6	1.061159	1.061159
2014	7	0.8280849	0.8280849
2014	8	1.1712203	1.1712203
2014	9	1.1256344	1.1256344
2014	10	1.1776365	1.1776365
2014	11	0.6429816	0.6429816
2014	12	0.47544345	0.47544345
2015	1	0.2280808	0.2280808
2015	2	0.19994017	0.19994017
2015	3	0.14780785	0.14780785
2015	4	0.2398562	0.2398562
2015	5	0.7959221	0.7959221
2015	6	1.041571	1.041571
2015	7	0.6775659	0.6775659
2015	8	0.7774566	0.7774566
2015	9	1.0221133	1.0221133
2015	10	0.9439318	0.9439318
2015	11	0.57668114	0.57668114
2015	12	0.39879802	0.39879802
2016	1	0.40792876	0.40792876
2016	2	0.36637422	0.36637422
2016	3	0.4377344	0.4377344
2016	4	0.7970137	0.7970137
2016	5	1.1933571	1.1933571
2016	6	1.0256675	1.0256675
2016	7	1.1135657	1.1135657
2016	8	1.0191555	1.0191555
2016	9	1.1754545	1.1754545
2016	10	1.1994473	1.1994473
2016	11	1.014044	1.014044
2016	12	0.6833679	0.6833679
2017	1	0.4625724	0.4625724
2017	2	0.20242238	0.20242238
2017	3	0.22697872	0.22697872
2017	4	0.39359275	0.39359275
2017	5	0.69059646	0.69059646
2017	6	1.05531	1.05531
2017	7	0.8397559	0.8397559
2017	8	0.90836	0.90836
2017	9	0.97272676	0.97272676
2017	10	1.0674225	1.0674225
2017	11	0.92974544	0.92974544
2017	12	0.43637753	0.43637753
2018	1	0.3651865	0.3651865
2018	2	0.410884	0.410884
2018	3	0.5845206	0.5845206
2018	4	1.0622426	1.0622426
2018	5	1.2625299	1.2625299
2018	6	1.326582	1.326582
2018	7	0.8413809	0.8413809
2018	8	0.67707926	0.67707926
2018	9	0.81325126	0.81325126
2018	10	0.1764028	0.1764028
2018	11	0.21624385	0.21624385
2018	12	0.26187697	0.26187697
