year	month	hanle_pblh_era5_avg	merak_pblh_era5_avg	hanle_pblh_era5_median	merak_pblh_era5_median
1979	1	0.2895718	0.2895718	0.0800896	0.0800896
1979	2	0.24444166	0.24444166	0.05075012	0.05075012
1979	3	0.32350558	0.32350558	0.06997253	0.06997253
1979	4	0.22474524	0.22474524	0.0510199	0.0510199
1979	5	0.64761716	0.64761716	0.25929564	0.25929564
1979	6	0.8996858	0.8996858	0.42791253	0.42791253
1979	7	1.1541424	1.1541424	0.93757415	0.93757415
1979	8	1.0963005	1.0963005	0.7783997	0.7783997
1979	9	0.98913074	0.98913074	0.4293626	0.4293626
1979	10	0.9135908	0.9135908	0.1853402	0.1853402
1979	11	0.55521244	0.55521244	0.09597327	0.09597327
1979	12	0.4501893	0.4501893	0.07975232	0.07975232
1980	1	0.34222952	0.34222952	0.093988344	0.093988344
1980	2	0.36021543	0.36021543	0.115306705	0.115306705
1980	3	0.34389058	0.34389058	0.08811554	0.08811554
1980	4	0.44425097	0.44425097	0.11609961	0.11609961
1980	5	0.802152	0.802152	0.3841942	0.3841942
1980	6	1.2697651	1.2697651	1.1582623	1.1582623
1980	7	0.81034446	0.81034446	0.49113843	0.49113843
1980	8	0.8864228	0.8864228	0.43023717	0.43023717
1980	9	1.059368	1.059368	0.5898607	0.5898607
1980	10	1.0734394	1.0734394	0.47551668	0.47551668
1980	11	0.6536938	0.6536938	0.08071576	0.08071576
1980	12	0.62072784	0.62072784	0.106967285	0.106967285
1981	1	0.46122962	0.46122962	0.08777246	0.08777246
1981	2	0.25095436	0.25095436	0.08764258	0.08764258
1981	3	0.21433847	0.21433847	0.051208742	0.051208742
1981	4	0.47020972	0.47020972	0.08582581	0.08582581
1981	5	1.1116614	1.1116614	0.8891236	0.8891236
1981	6	1.3262323	1.3262323	1.1858832	1.1858832
1981	7	0.9843752	0.9843752	0.63035536	0.63035536
1981	8	0.9361284	0.9361284	0.5307217	0.5307217
1981	9	1.1848712	1.1848712	0.8668675	0.8668675
1981	10	1.0559658	1.0559658	0.54279065	0.54279065
1981	11	0.14095856	0.14095856	0.03995093	0.03995093
1981	12	0.20339058	0.20339058	0.042254396	0.042254396
1982	1	0.27382508	0.27382508	0.07076514	0.07076514
1982	2	0.29066917	0.29066917	0.07846759	0.07846759
1982	3	0.21260945	0.21260945	0.07461633	0.07461633
1982	4	0.20657736	0.20657736	0.056287903	0.056287903
1982	5	0.4769116	0.4769116	0.1323004	0.1323004
1982	6	0.7923405	0.7923405	0.36272734	0.36272734
1982	7	0.9806434	0.9806434	0.5576781	0.5576781
1982	8	0.8005266	0.8005266	0.42406586	0.42406586
1982	9	1.1053843	1.1053843	0.6546334	0.6546334
1982	10	0.8784795	0.8784795	0.19701228	0.19701228
1982	11	0.64999676	0.64999676	0.13314374	0.13314374
1982	12	0.29672566	0.29672566	0.101265684	0.101265684
1983	1	0.14848277	0.14848277	0.056865845	0.056865845
1983	2	0.1648983	0.1648983	0.051392272	0.051392272
1983	3	0.24855898	0.24855898	0.08322314	0.08322314
1983	4	0.21206442	0.21206442	0.066605955	0.066605955
1983	5	0.29626015	0.29626015	0.07828283	0.07828283
1983	6	0.81913257	0.81913257	0.3139267	0.3139267
1983	7	0.91241735	0.91241735	0.54819506	0.54819506
1983	8	0.7440432	0.7440432	0.3690552	0.3690552
1983	9	0.9247099	0.9247099	0.41522962	0.41522962
1983	10	0.96628094	0.96628094	0.3083689	0.3083689
1983	11	0.79530096	0.79530096	0.079321474	0.079321474
1983	12	0.60419613	0.60419613	0.0993631	0.0993631
1984	1	0.5548625	0.5548625	0.122933835	0.122933835
1984	2	0.5056874	0.5056874	0.11461273	0.11461273
1984	3	0.20062166	0.20062166	0.062014647	0.062014647
1984	4	0.39274794	0.39274794	0.10444928	0.10444928
1984	5	0.9331089	0.9331089	0.40655822	0.40655822
1984	6	1.2864704	1.2864704	1.1464627	1.1464627
1984	7	0.7956198	0.7956198	0.47751808	0.47751808
1984	8	0.6704922	0.6704922	0.29896703	0.29896703
1984	9	1.0002534	1.0002534	0.51586896	0.51586896
1984	10	1.0324897	1.0324897	0.49213374	0.49213374
1984	11	0.73855925	0.73855925	0.08897381	0.08897381
1984	12	0.56458324	0.56458324	0.16094697	0.16094697
1985	1	0.12367837	0.12367837	0.05330371	0.05330371
1985	2	0.18508567	0.18508567	0.05265289	0.05265289
1985	3	0.61049694	0.61049694	0.16882807	0.16882807
1985	4	0.46827686	0.46827686	0.14172241	0.14172241
1985	5	0.6430145	0.6430145	0.22530285	0.22530285
1985	6	1.0282983	1.0282983	0.6692358	0.6692358
1985	7	0.769875	0.769875	0.42862362	0.42862362
1985	8	0.8297739	0.8297739	0.4278031	0.4278031
1985	9	1.1055021	1.1055021	0.6165241	0.6165241
1985	10	0.7375421	0.7375421	0.15784997	0.15784997
1985	11	0.5959951	0.5959951	0.12013403	0.12013403
1985	12	0.42716798	0.42716798	0.11340009	0.11340009
1986	1	0.2493569	0.2493569	0.06430811	0.06430811
1986	2	0.3126744	0.3126744	0.08354364	0.08354364
1986	3	0.40817714	0.40817714	0.15509985	0.15509985
1986	4	0.32015082	0.32015082	0.09745477	0.09745477
1986	5	0.66545004	0.66545004	0.23262677	0.23262677
1986	6	0.873723	0.873723	0.4106402	0.4106402
1986	7	0.75483686	0.75483686	0.42131978	0.42131978
1986	8	0.72756994	0.72756994	0.329143	0.329143
1986	9	1.0068673	1.0068673	0.48391986	0.48391986
1986	10	0.31174582	0.31174582	0.04005591	0.04005591
1986	11	0.5101981	0.5101981	0.088560306	0.088560306
1986	12	0.17191403	0.17191403	0.05298224	0.05298224
1987	1	0.12344545	0.12344545	0.05009253	0.05009253
1987	2	0.27720374	0.27720374	0.07040802	0.07040802
1987	3	0.20860597	0.20860597	0.07055189	0.07055189
1987	4	0.36995533	0.36995533	0.11247779	0.11247779
1987	5	0.4730589	0.4730589	0.19215697	0.19215697
1987	6	0.79941726	0.79941726	0.35217738	0.35217738
1987	7	1.0685754	1.0685754	0.9078891	0.9078891
1987	8	0.9008098	0.9008098	0.47309184	0.47309184
1987	9	1.1460929	1.1460929	0.7202444	0.7202444
1987	10	0.8901199	0.8901199	0.350681	0.350681
1987	11	0.5491459	0.5491459	0.10890961	0.10890961
1987	12	0.43321937	0.43321937	0.07970251	0.07970251
1988	1	0.25783682	0.25783682	0.09081091	0.09081091
1988	2	0.4090868	0.4090868	0.110568784	0.110568784
1988	3	0.18739156	0.18739156	0.071357	0.071357
1988	4	0.18167125	0.18167125	0.055945862	0.055945862
1988	5	0.85317385	0.85317385	0.2940739	0.2940739
1988	6	1.1200936	1.1200936	0.962559	0.962559
1988	7	0.8576176	0.8576176	0.54244566	0.54244566
1988	8	0.75994474	0.75994474	0.37918475	0.37918475
1988	9	1.0113397	1.0113397	0.4414981	0.4414981
1988	10	0.8969225	0.8969225	0.2623397	0.2623397
1988	11	0.66900927	0.66900927	0.060323	0.060323
1988	12	0.4287407	0.4287407	0.080141604	0.080141604
1989	1	0.204768	0.204768	0.06900256	0.06900256
1989	2	0.30890793	0.30890793	0.09983044	0.09983044
1989	3	0.28552762	0.28552762	0.08373828	0.08373828
1989	4	0.39882964	0.39882964	0.12054688	0.12054688
1989	5	0.68365353	0.68365353	0.23491858	0.23491858
1989	6	1.0424747	1.0424747	0.63894963	0.63894963
1989	7	1.1002167	1.1002167	0.8594003	0.8594003
1989	8	0.9688517	0.9688517	0.69989645	0.69989645
1989	9	1.0591613	1.0591613	0.5471748	0.5471748
1989	10	1.0290732	1.0290732	0.4280865	0.4280865
1989	11	0.5805372	0.5805372	0.122211546	0.122211546
1989	12	0.1734816	0.1734816	0.043199524	0.043199524
1990	1	0.30299905	0.30299905	0.10576593	0.10576593
1990	2	0.21342492	0.21342492	0.08474842	0.08474842
1990	3	0.17476484	0.17476484	0.046206117	0.046206117
1990	4	0.20802312	0.20802312	0.0712887	0.0712887
1990	5	0.47695905	0.47695905	0.06842816	0.06842816
1990	6	1.0617868	1.0617868	0.85336435	0.85336435
1990	7	0.9500152	0.9500152	0.65526336	0.65526336
1990	8	0.89322364	0.89322364	0.47805956	0.47805956
1990	9	1.0608692	1.0608692	0.65845513	0.65845513
1990	10	0.9775741	0.9775741	0.2922439	0.2922439
1990	11	0.6929523	0.6929523	0.07878631	0.07878631
1990	12	0.53095293	0.53095293	0.14165832	0.14165832
1991	1	0.096242696	0.096242696	0.049379516	0.049379516
1991	2	0.30263716	0.30263716	0.117321536	0.117321536
1991	3	0.1849189	0.1849189	0.085030824	0.085030824
1991	4	0.21029851	0.21029851	0.059724182	0.059724182
1991	5	0.31326404	0.31326404	0.10607092	0.10607092
1991	6	0.66709507	0.66709507	0.31638446	0.31638446
1991	7	1.0436077	1.0436077	0.79370296	0.79370296
1991	8	1.1472554	1.1472554	1.0327423	1.0327423
1991	9	1.0268248	1.0268248	0.5475043	0.5475043
1991	10	1.1782199	1.1782199	0.80191445	0.80191445
1991	11	0.9792217	0.9792217	0.20963508	0.20963508
1991	12	0.5623223	0.5623223	0.085439876	0.085439876
1992	1	0.37953725	0.37953725	0.1346255	0.1346255
1992	2	0.13578917	0.13578917	0.04937988	0.04937988
1992	3	0.3896672	0.3896672	0.15197358	0.15197358
1992	4	0.22593233	0.22593233	0.07358264	0.07358264
1992	5	0.59034294	0.59034294	0.17399964	0.17399964
1992	6	0.9824499	0.9824499	0.6326823	0.6326823
1992	7	0.8800394	0.8800394	0.51300055	0.51300055
1992	8	0.87282884	0.87282884	0.47596544	0.47596544
1992	9	1.1107129	1.1107129	0.96823955	0.96823955
1992	10	1.0958825	1.0958825	0.2970276	0.2970276
1992	11	0.6627884	0.6627884	0.075921625	0.075921625
1992	12	0.4329935	0.4329935	0.06435633	0.06435633
1993	1	0.2397694	0.2397694	0.07873914	0.07873914
1993	2	0.33334985	0.33334985	0.07162854	0.07162854
1993	3	0.22362344	0.22362344	0.0749967	0.0749967
1993	4	0.33068955	0.33068955	0.05631824	0.05631824
1993	5	1.0281852	1.0281852	0.61422205	0.61422205
1993	6	1.377232	1.377232	1.2043452	1.2043452
1993	7	1.0177884	1.0177884	0.77511525	0.77511525
1993	8	1.237225	1.237225	1.1354494	1.1354494
1993	9	0.8461083	0.8461083	0.3117945	0.3117945
1993	10	1.1578655	1.1578655	0.6015996	0.6015996
1993	11	0.6257143	0.6257143	0.116266236	0.116266236
1993	12	0.40463933	0.40463933	0.074248165	0.074248165
1994	1	0.37688017	0.37688017	0.11400525	0.11400525
1994	2	0.17472818	0.17472818	0.080654055	0.080654055
1994	3	0.17506947	0.17506947	0.07126452	0.07126452
1994	4	0.30274326	0.30274326	0.09987061	0.09987061
1994	5	0.505527	0.505527	0.1382362	0.1382362
1994	6	0.9766393	0.9766393	0.6557025	0.6557025
1994	7	0.8144837	0.8144837	0.49439806	0.49439806
1994	8	0.59750646	0.59750646	0.33097357	0.33097357
1994	9	0.9560245	0.9560245	0.5318888	0.5318888
1994	10	1.115017	1.115017	0.48645574	0.48645574
1994	11	0.76037055	0.76037055	0.08263965	0.08263965
1994	12	0.45509773	0.45509773	0.1005437	0.1005437
1995	1	0.11784436	0.11784436	0.049625244	0.049625244
1995	2	0.1929597	0.1929597	0.056040954	0.056040954
1995	3	0.31224436	0.31224436	0.07622235	0.07622235
1995	4	0.52861184	0.52861184	0.2018891	0.2018891
1995	5	0.91761786	0.91761786	0.4926822	0.4926822
1995	6	1.108406	1.108406	0.95476824	0.95476824
1995	7	1.2110327	1.2110327	1.0828643	1.0828643
1995	8	0.60740525	0.60740525	0.33777106	0.33777106
1995	9	0.9405183	0.9405183	0.5227986	0.5227986
1995	10	0.9924625	0.9924625	0.33730394	0.33730394
1995	11	0.6041532	0.6041532	0.09017493	0.09017493
1995	12	0.39155522	0.39155522	0.12163055	0.12163055
1996	1	0.33662188	0.33662188	0.10320684	0.10320684
1996	2	0.22413051	0.22413051	0.058252137	0.058252137
1996	3	0.30009764	0.30009764	0.10368133	0.10368133
1996	4	0.18918662	0.18918662	0.0521463	0.0521463
1996	5	0.57468307	0.57468307	0.18720031	0.18720031
1996	6	0.83731437	0.83731437	0.4572766	0.4572766
1996	7	1.1490957	1.1490957	1.0105581	1.0105581
1996	8	0.68409485	0.68409485	0.37942052	0.37942052
1996	9	1.0318575	1.0318575	0.41921857	0.41921857
1996	10	0.90977573	0.90977573	0.2757178	0.2757178
1996	11	0.813277	0.813277	0.23373681	0.23373681
1996	12	0.420394	0.420394	0.09605713	0.09605713
1997	1	0.35491487	0.35491487	0.06647827	0.06647827
1997	2	0.26420042	0.26420042	0.063499875	0.063499875
1997	3	0.41414872	0.41414872	0.1080448	0.1080448
1997	4	0.535528	0.535528	0.09541114	0.09541114
1997	5	0.9834683	0.9834683	0.52550995	0.52550995
1997	6	1.2299001	1.2299001	1.1141505	1.1141505
1997	7	1.1006619	1.1006619	0.7388738	0.7388738
1997	8	0.91581285	0.91581285	0.4707535	0.4707535
1997	9	1.081222	1.081222	0.58596134	0.58596134
1997	10	0.33477652	0.33477652	0.050048098	0.050048098
1997	11	0.21748836	0.21748836	0.062681645	0.062681645
1997	12	0.097577974	0.097577974	0.048117064	0.048117064
1998	1	0.1497618	0.1497618	0.06759375	0.06759375
1998	2	0.24229215	0.24229215	0.0793512	0.0793512
1998	3	0.20365433	0.20365433	0.07120429	0.07120429
1998	4	0.2902529	0.2902529	0.06305737	0.06305737
1998	5	0.77259	0.77259	0.26663715	0.26663715
1998	6	0.70534694	0.70534694	0.31298798	0.31298798
1998	7	1.124845	1.124845	0.94319946	0.94319946
1998	8	1.0998288	1.0998288	0.6481216	0.6481216
1998	9	0.9128191	0.9128191	0.4821286	0.4821286
1998	10	0.5528183	0.5528183	0.051022217	0.051022217
1998	11	0.06803433	0.06803433	0.035283934	0.035283934
1998	12	0.13227926	0.13227926	0.04512805	0.04512805
1999	1	0.18184097	0.18184097	0.0655387	0.0655387
1999	2	0.19350971	0.19350971	0.066283874	0.066283874
1999	3	0.28024557	0.28024557	0.11478149	0.11478149
1999	4	0.35099122	0.35099122	0.09618127	0.09618127
1999	5	0.71715504	0.71715504	0.3288031	0.3288031
1999	6	1.0457188	1.0457188	0.8828446	0.8828446
1999	7	1.0716349	1.0716349	0.7905888	0.7905888
1999	8	0.73244774	0.73244774	0.36165148	0.36165148
1999	9	0.83075064	0.83075064	0.26152638	0.26152638
1999	10	0.98511416	0.98511416	0.23493762	0.23493762
1999	11	0.7737408	0.7737408	0.108730525	0.108730525
1999	12	0.61156446	0.61156446	0.0757926	0.0757926
2000	1	0.4641113	0.4641113	0.1003064	0.1003064
2000	2	0.33451498	0.33451498	0.07664014	0.07664014
2000	3	0.402424	0.402424	0.07983923	0.07983923
2000	4	0.62089485	0.62089485	0.13147156	0.13147156
2000	5	1.2679075	1.2679075	1.0530808	1.0530808
2000	6	0.77310634	0.77310634	0.30012828	0.30012828
2000	7	0.7250262	0.7250262	0.44824898	0.44824898
2000	8	0.84881616	0.84881616	0.41192394	0.41192394
2000	9	1.119604	1.119604	0.5547472	0.5547472
2000	10	1.15933	1.15933	0.45984137	0.45984137
2000	11	0.93335044	0.93335044	0.22978297	0.22978297
2000	12	0.3911419	0.3911419	0.07966711	0.07966711
2001	1	0.53162116	0.53162116	0.12917785	0.12917785
2001	2	0.5729172	0.5729172	0.13243799	0.13243799
2001	3	0.54923135	0.54923135	0.09505615	0.09505615
2001	4	0.5972909	0.5972909	0.1395376	0.1395376
2001	5	1.3002105	1.3002105	1.0803509	1.0803509
2001	6	1.2240942	1.2240942	1.1381263	1.1381263
2001	7	1.0025594	1.0025594	0.68367565	0.68367565
2001	8	1.0584065	1.0584065	0.6347388	0.6347388
2001	9	1.2571917	1.2571917	0.9350616	0.9350616
2001	10	1.1414164	1.1414164	0.5653722	0.5653722
2001	11	0.6492134	0.6492134	0.09020227	0.09020227
2001	12	0.40680608	0.40680608	0.09617895	0.09617895
2002	1	0.2495018	0.2495018	0.042071715	0.042071715
2002	2	0.3173996	0.3173996	0.082137085	0.082137085
2002	3	0.12634532	0.12634532	0.045606934	0.045606934
2002	4	0.47035575	0.47035575	0.119845584	0.119845584
2002	5	0.6856974	0.6856974	0.16207135	0.16207135
2002	6	1.1271583	1.1271583	0.97611594	0.97611594
2002	7	1.3071179	1.3071179	1.1432793	1.1432793
2002	8	0.7220322	0.7220322	0.38184148	0.38184148
2002	9	0.7720787	0.7720787	0.24161279	0.24161279
2002	10	0.7895461	0.7895461	0.1078653	0.1078653
2002	11	0.5620172	0.5620172	0.08076227	0.08076227
2002	12	0.59078205	0.59078205	0.11092353	0.11092353
2003	1	0.58171004	0.58171004	0.1040238	0.1040238
2003	2	0.31704098	0.31704098	0.10218567	0.10218567
2003	3	0.24552001	0.24552001	0.05977075	0.05977075
2003	4	0.24987848	0.24987848	0.07128491	0.07128491
2003	5	0.5379664	0.5379664	0.11109888	0.11109888
2003	6	0.90368223	0.90368223	0.48842883	0.48842883
2003	7	1.0857886	1.0857886	0.7980961	0.7980961
2003	8	1.0158914	1.0158914	0.62836695	0.62836695
2003	9	1.0745322	1.0745322	0.6029457	0.6029457
2003	10	1.1038622	1.1038622	0.45513505	0.45513505
2003	11	0.7799472	0.7799472	0.20772022	0.20772022
2003	12	0.37918386	0.37918386	0.10145752	0.10145752
2004	1	0.27026975	0.27026975	0.07671576	0.07671576
2004	2	0.18919542	0.18919542	0.050138306	0.050138306
2004	3	0.64280933	0.64280933	0.11621143	0.11621143
2004	4	0.9144305	0.9144305	0.41661674	0.41661674
2004	5	0.95822597	0.95822597	0.36330086	0.36330086
2004	6	1.3233137	1.3233137	1.1822717	1.1822717
2004	7	1.2850763	1.2850763	1.1709965	1.1709965
2004	8	1.1478082	1.1478082	0.9325407	0.9325407
2004	9	1.0702477	1.0702477	0.5760168	0.5760168
2004	10	0.82412094	0.82412094	0.30251104	0.30251104
2004	11	0.6845587	0.6845587	0.10045825	0.10045825
2004	12	0.574129	0.574129	0.13705456	0.13705456
2005	1	0.16872463	0.16872463	0.06415826	0.06415826
2005	2	0.283617	0.283617	0.13578296	0.13578296
2005	3	0.1704977	0.1704977	0.054381773	0.054381773
2005	4	0.32437602	0.32437602	0.06034302	0.06034302
2005	5	0.6909978	0.6909978	0.2512529	0.2512529
2005	6	0.8954179	0.8954179	0.45974845	0.45974845
2005	7	0.9231469	0.9231469	0.6077371	0.6077371
2005	8	1.2249706	1.2249706	0.98699343	0.98699343
2005	9	0.7340593	0.7340593	0.25748235	0.25748235
2005	10	1.0014361	1.0014361	0.22705005	0.22705005
2005	11	1.0172955	1.0172955	0.31447217	0.31447217
2005	12	0.6512831	0.6512831	0.1141137	0.1141137
2006	1	0.31177926	0.31177926	0.09888019	0.09888019
2006	2	0.15084323	0.15084323	0.07790588	0.07790588
2006	3	0.15008707	0.15008707	0.046752505	0.046752505
2006	4	0.20453323	0.20453323	0.063502565	0.063502565
2006	5	0.5388984	0.5388984	0.10788587	0.10788587
2006	6	1.1017319	1.1017319	0.9757217	0.9757217
2006	7	0.9725992	0.9725992	0.52170956	0.52170956
2006	8	0.55399656	0.55399656	0.31422573	0.31422573
2006	9	0.9282503	0.9282503	0.32777834	0.32777834
2006	10	0.8304523	0.8304523	0.15100774	0.15100774
2006	11	0.47297755	0.47297755	0.08207141	0.08207141
2006	12	0.1645876	0.1645876	0.067726806	0.067726806
2007	1	0.18821153	0.18821153	0.06593665	0.06593665
2007	2	0.3049828	0.3049828	0.07697046	0.07697046
2007	3	0.1472959	0.1472959	0.059220336	0.059220336
2007	4	0.32646734	0.32646734	0.049420163	0.049420163
2007	5	0.76528275	0.76528275	0.29583138	0.29583138
2007	6	1.1838696	1.1838696	1.05446	1.05446
2007	7	1.1366558	1.1366558	1.0346882	1.0346882
2007	8	0.96331954	0.96331954	0.5341214	0.5341214
2007	9	1.0034648	1.0034648	0.53562915	0.53562915
2007	10	1.024279	1.024279	0.43330902	0.43330902
2007	11	0.89799416	0.89799416	0.14711426	0.14711426
2007	12	0.61556417	0.61556417	0.15050672	0.15050672
2008	1	0.31900182	0.31900182	0.106723934	0.106723934
2008	2	0.17992985	0.17992985	0.07350897	0.07350897
2008	3	0.26010424	0.26010424	0.05192346	0.05192346
2008	4	0.4622917	0.4622917	0.10278125	0.10278125
2008	5	0.73438776	0.73438776	0.30904895	0.30904895
2008	6	1.0321695	1.0321695	0.7475096	0.7475096
2008	7	0.9744756	0.9744756	0.6041831	0.6041831
2008	8	0.78139794	0.78139794	0.41309047	0.41309047
2008	9	0.61488986	0.61488986	0.11441083	0.11441083
2008	10	0.5466237	0.5466237	0.061964538	0.061964538
2008	11	0.7152179	0.7152179	0.09608722	0.09608722
2008	12	0.33472314	0.33472314	0.08150775	0.08150775
2009	1	0.17694762	0.17694762	0.073566526	0.073566526
2009	2	0.18828456	0.18828456	0.095507994	0.095507994
2009	3	0.23195043	0.23195043	0.072541445	0.072541445
2009	4	0.38458496	0.38458496	0.10780847	0.10780847
2009	5	0.70606697	0.70606697	0.2483778	0.2483778
2009	6	1.0285492	1.0285492	0.74267006	0.74267006
2009	7	1.1650327	1.1650327	1.0350844	1.0350844
2009	8	1.1014662	1.1014662	0.68105674	0.68105674
2009	9	0.39155394	0.39155394	0.06497827	0.06497827
2009	10	0.860471	0.860471	0.15022308	0.15022308
2009	11	0.48432294	0.48432294	0.106700316	0.106700316
2009	12	0.23057924	0.23057924	0.06519996	0.06519996
2010	1	0.23390573	0.23390573	0.0575105	0.0575105
2010	2	0.28509644	0.28509644	0.07813318	0.07813318
2010	3	0.23909585	0.23909585	0.06230652	0.06230652
2010	4	0.6798846	0.6798846	0.17638233	0.17638233
2010	5	1.0832903	1.0832903	0.6640308	0.6640308
2010	6	0.81775296	0.81775296	0.36585784	0.36585784
2010	7	0.9112129	0.9112129	0.56125975	0.56125975
2010	8	0.60341656	0.60341656	0.36417925	0.36417925
2010	9	0.7330098	0.7330098	0.34852374	0.34852374
2010	10	0.82606876	0.82606876	0.11910461	0.11910461
2010	11	0.39919522	0.39919522	0.053125612	0.053125612
2010	12	0.47231698	0.47231698	0.055386595	0.055386595
2011	1	0.21629673	0.21629673	0.06328955	0.06328955
2011	2	0.2696833	0.2696833	0.091543585	0.091543585
2011	3	0.22941333	0.22941333	0.06251001	0.06251001
2011	4	0.2602061	0.2602061	0.07293494	0.07293494
2011	5	0.8003266	0.8003266	0.32173267	0.32173267
2011	6	1.0367802	1.0367802	0.7553508	0.7553508
2011	7	1.0885794	1.0885794	0.7848389	0.7848389
2011	8	0.77811325	0.77811325	0.3903218	0.3903218
2011	9	0.9161587	0.9161587	0.4799227	0.4799227
2011	10	1.1431967	1.1431967	0.56036556	0.56036556
2011	11	0.8757875	0.8757875	0.1575346	0.1575346
2011	12	0.7886854	0.7886854	0.18786708	0.18786708
2012	1	0.4320223	0.4320223	0.09145661	0.09145661
2012	2	0.44018117	0.44018117	0.1400213	0.1400213
2012	3	0.2593168	0.2593168	0.08140338	0.08140338
2012	4	0.37542486	0.37542486	0.08100128	0.08100128
2012	5	0.8314019	0.8314019	0.3816076	0.3816076
2012	6	1.1383318	1.1383318	0.9869653	0.9869653
2012	7	1.3364612	1.3364612	1.143919	1.143919
2012	8	0.87813985	0.87813985	0.56822604	0.56822604
2012	9	0.9008829	0.9008829	0.44062763	0.44062763
2012	10	1.1113924	1.1113924	0.3799991	0.3799991
2012	11	0.76648736	0.76648736	0.11740936	0.11740936
2012	12	0.38341677	0.38341677	0.097117364	0.097117364
2013	1	0.1711451	0.1711451	0.050733157	0.050733157
2013	2	0.14635536	0.14635536	0.06709063	0.06709063
2013	3	0.1466211	0.1466211	0.045211792	0.045211792
2013	4	0.40267342	0.40267342	0.1311624	0.1311624
2013	5	0.87227654	0.87227654	0.39373845	0.39373845
2013	6	0.79612315	0.79612315	0.32438153	0.32438153
2013	7	1.0513632	1.0513632	0.68465966	0.68465966
2013	8	0.7265574	0.7265574	0.41927862	0.41927862
2013	9	1.0809542	1.0809542	0.48739547	0.48739547
2013	10	0.88502717	0.88502717	0.2359212	0.2359212
2013	11	0.5394655	0.5394655	0.10328974	0.10328974
2013	12	0.63176453	0.63176453	0.12596583	0.12596583
2014	1	0.2779361	0.2779361	0.07247376	0.07247376
2014	2	0.21959107	0.21959107	0.0724397	0.0724397
2014	3	0.22868608	0.22868608	0.07519202	0.07519202
2014	4	0.25725636	0.25725636	0.08592969	0.08592969
2014	5	0.73808414	0.73808414	0.29147363	0.29147363
2014	6	1.061159	1.061159	0.75658953	0.75658953
2014	7	0.8280849	0.8280849	0.44231012	0.44231012
2014	8	1.1712203	1.1712203	0.84150517	0.84150517
2014	9	1.1256344	1.1256344	0.85383976	0.85383976
2014	10	1.1776365	1.1776365	0.71642536	0.71642536
2014	11	0.6429816	0.6429816	0.10523023	0.10523023
2014	12	0.47544345	0.47544345	0.09187622	0.09187622
2015	1	0.2280808	0.2280808	0.06788287	0.06788287
2015	2	0.19994017	0.19994017	0.0739527	0.0739527
2015	3	0.14780785	0.14780785	0.06008728	0.06008728
2015	4	0.2398562	0.2398562	0.05565393	0.05565393
2015	5	0.7959221	0.7959221	0.37080926	0.37080926
2015	6	1.041571	1.041571	0.79908967	0.79908967
2015	7	0.6775659	0.6775659	0.36170447	0.36170447
2015	8	0.7774566	0.7774566	0.33584815	0.33584815
2015	9	1.0221133	1.0221133	0.5314219	0.5314219
2015	10	0.9439318	0.9439318	0.285415	0.285415
2015	11	0.57668114	0.57668114	0.111383304	0.111383304
2015	12	0.39879802	0.39879802	0.077731445	0.077731445
2016	1	0.40792876	0.40792876	0.06655432	0.06655432
2016	2	0.36637422	0.36637422	0.080435425	0.080435425
2016	3	0.4377344	0.4377344	0.13164026	0.13164026
2016	4	0.7970137	0.7970137	0.2964983	0.2964983
2016	5	1.1933571	1.1933571	0.87663364	0.87663364
2016	6	1.0256675	1.0256675	0.7161609	0.7161609
2016	7	1.1135657	1.1135657	0.82955027	0.82955027
2016	8	1.0191555	1.0191555	0.77534497	0.77534497
2016	9	1.1754545	1.1754545	0.83611166	0.83611166
2016	10	1.1994473	1.1994473	0.84448636	0.84448636
2016	11	1.014044	1.014044	0.2595371	0.2595371
2016	12	0.6833679	0.6833679	0.11581397	0.11581397
2017	1	0.4625724	0.4625724	0.13599157	0.13599157
2017	2	0.20242238	0.20242238	0.06078723	0.06078723
2017	3	0.22697872	0.22697872	0.07708423	0.07708423
2017	4	0.39359275	0.39359275	0.09151319	0.09151319
2017	5	0.69059646	0.69059646	0.33007312	0.33007312
2017	6	1.05531	1.05531	0.80716085	0.80716085
2017	7	0.8397559	0.8397559	0.51561975	0.51561975
2017	8	0.90836	0.90836	0.52399373	0.52399373
2017	9	0.97272676	0.97272676	0.47255853	0.47255853
2017	10	1.0674225	1.0674225	0.4615436	0.4615436
2017	11	0.92974544	0.92974544	0.20916663	0.20916663
2017	12	0.43637753	0.43637753	0.11244793	0.11244793
2018	1	0.3651865	0.3651865	0.08132666	0.08132666
2018	2	0.410884	0.410884	0.089538455	0.089538455
2018	3	0.5845206	0.5845206	0.09709351	0.09709351
2018	4	1.0622426	1.0622426	0.55050015	0.55050015
2018	5	1.2625299	1.2625299	1.0349662	1.0349662
2018	6	1.326582	1.326582	1.1256986	1.1256986
2018	7	0.8413809	0.8413809	0.49444026	0.49444026
2018	8	0.67707926	0.67707926	0.30111367	0.30111367
2018	9	0.81325126	0.81325126	0.2452362	0.2452362
2018	10	0.1764028	0.1764028	0.042347413	0.042347413
2018	11	0.21624385	0.21624385	0.06869848	0.06869848
2018	12	0.26187697	0.26187697	0.05687329	0.05687329
