year	month	hanle_pblh_avg	merak_pblh_avg	hanle_pblh_median	merak_pblh_median
1979	1	0.42962196	0.49304658	0.09441919	0.08205835
1979	2	0.5889769	0.6257756	0.113179564	0.082483515
1979	3	0.7434812	0.95416236	0.2663258	0.48070106
1979	4	0.73766726	0.591158	0.24483752	0.2577401
1979	5	1.3200151	1.3289336	1.1042861	1.1080022
1979	6	1.1147532	1.1181942	1.0820843	1.0177803
1979	7	0.95158327	1.0247995	0.79459417	0.8230508
1979	8	1.0045601	1.1358867	0.78863454	0.9472865
1979	9	1.0296177	1.0519812	0.80915755	0.7741984
1979	10	0.9138088	0.95514643	0.5739613	0.60319364
1979	11	0.69210637	0.75098956	0.22146058	0.20565626
1979	12	0.49179637	0.44415122	0.06411743	0.049745116
1980	1	0.5449401	0.62350315	0.15074217	0.14528161
1980	2	0.69566476	0.82208794	0.2751813	0.27538478
1980	3	0.53640777	0.7033833	0.17747656	0.24404944
1980	4	0.6841399	0.5784056	0.21038061	0.2660309
1980	5	0.8651335	0.9633262	0.46677148	0.67602575
1980	6	1.1282184	1.2482677	0.9023715	1.0972878
1980	7	0.87269914	0.8955073	0.7752883	0.8261971
1980	8	0.93878025	1.014778	0.7240017	0.7466897
1980	9	0.98968947	1.0476636	0.77323174	0.79307604
1980	10	1.0350194	1.078205	0.35601428	0.47755468
1980	11	0.6580899	0.6869942	0.05198828	0.0730022
1980	12	0.41631517	0.3654358	0.028233644	0.020153075
1981	1	0.45288265	0.48962525	0.10847901	0.10803638
1981	2	0.6161217	0.7406537	0.20072779	0.23448303
1981	3	0.5557448	0.6481111	0.23938146	0.32942432
1981	4	0.84562016	0.7843536	0.38455346	0.36241785
1981	5	1.1775998	1.1490725	0.8517984	0.8216052
1981	6	1.3152965	1.296454	1.1318179	1.1178662
1981	7	1.0479896	1.0707816	0.86438924	0.8485187
1981	8	0.9693695	1.1377519	0.7319759	0.90583205
1981	9	0.98968804	1.1987717	0.73147225	0.94953996
1981	10	0.9545303	1.1015196	0.46215492	0.6505154
1981	11	0.33107647	0.23741922	0.020469237	0.017049316
1981	12	0.3832731	0.3177077	0.026386961	0.022066407
1982	1	0.53750545	0.65839	0.13433215	0.10467749
1982	2	0.7162696	0.8471521	0.20643555	0.22725512
1982	3	0.80034363	0.9250952	0.3877013	0.4063806
1982	4	0.7653492	0.67637795	0.4315591	0.47942555
1982	5	1.1720095	1.0631641	0.8699292	0.7310858
1982	6	1.1402158	1.1845515	0.94774044	0.9497525
1982	7	1.1861372	1.3825648	1.0121634	1.1597033
1982	8	0.8984463	1.0175409	0.71686697	0.71514183
1982	9	1.1217555	1.2162765	0.8374449	0.95115554
1982	10	0.9126885	1.0070717	0.27887464	0.37666112
1982	11	0.6603814	0.7491528	0.15044835	0.21904919
1982	12	0.50626665	0.51232713	0.11582373	0.14481395
1983	1	0.5331531	0.60375726	0.090348266	0.07559571
1983	2	0.42645165	0.48464113	0.09135547	0.07729639
1983	3	0.8963692	1.0697972	0.45598537	0.6564253
1983	4	0.6512041	0.6661589	0.3302871	0.46479958
1983	5	0.89569294	0.8169537	0.57030994	0.4921808
1983	6	1.1483375	1.259636	0.8968736	1.0056628
1983	7	0.9969048	1.1774025	0.7876692	0.8743267
1983	8	0.9076982	1.0190822	0.76148033	0.8072344
1983	9	0.9017741	0.9971459	0.6374189	0.70111096
1983	10	0.995844	1.0779763	0.5061387	0.5858464
1983	11	0.6851395	0.72362435	0.037508912	0.025170043
1983	12	0.515019	0.4767538	0.06600598	0.04196448
1984	1	0.5765623	0.6968638	0.09769288	0.08409924
1984	2	0.9635983	1.1986785	0.3404017	0.74039704
1984	3	0.4967295	0.6278231	0.15901014	0.26352245
1984	4	0.909727	0.8237828	0.49501684	0.5816372
1984	5	1.3333312	1.3419663	0.7896837	0.8955854
1984	6	1.3382789	1.4897357	1.1381974	1.2846193
1984	7	1.0772812	1.3047872	0.85696065	1.0420578
1984	8	0.7517079	0.912867	0.48914123	0.5434142
1984	9	1.0633278	1.0853496	0.81906235	0.84979427
1984	10	0.9678647	1.0568562	0.64656824	0.6577433
1984	11	0.66591436	0.68258053	0.08485022	0.110757574
1984	12	0.8974536	1.064344	0.41523314	0.44443384
1985	1	0.3629799	0.3786409	0.113725215	0.08562976
1985	2	0.37950292	0.52506715	0.046993896	0.044898193
1985	3	0.81823987	0.97345936	0.27220154	0.58287024
1985	4	0.68827456	0.6065648	0.22905701	0.2812096
1985	5	1.0594858	1.0772127	0.8740842	0.86522806
1985	6	1.2623291	1.2591233	1.0597985	1.0555782
1985	7	0.76621884	0.89398694	0.63003236	0.67521805
1985	8	0.8509553	0.9545666	0.62310743	0.6884408
1985	9	1.0734242	1.2431262	0.8709365	1.045289
1985	10	0.72418886	0.75802773	0.41242117	0.29864174
1985	11	0.53087056	0.56780356	0.05521985	0.0686654
1985	12	0.5703623	0.62678695	0.1190553	0.13894653
1986	1	0.36218178	0.42122236	0.05966858	0.05722827
1986	2	0.539806	0.65206385	0.1626195	0.17317298
1986	3	0.9529639	1.0810108	0.6206312	0.6568929
1986	4	0.8276902	0.77161795	0.4405825	0.4680735
1986	5	1.3152058	1.3402357	1.0123312	1.1085548
1986	6	1.3194193	1.3482202	1.0708365	1.1227131
1986	7	0.8078589	0.88511485	0.6656643	0.6784492
1986	8	0.9519641	1.0981011	0.81285083	0.8857639
1986	9	1.0222172	1.042688	0.79434234	0.78465766
1986	10	0.8116337	0.8699944	0.3268036	0.30808055
1986	11	0.6735286	0.7274899	0.16282934	0.17725465
1986	12	0.4849977	0.4938972	0.060885742	0.0646687
1987	1	0.33555123	0.34115738	0.049721923	0.034821533
1987	2	0.58639205	0.6834086	0.1746648	0.2032328
1987	3	0.5473296	0.6534559	0.2648988	0.3936255
1987	4	0.85957325	0.7931285	0.49728322	0.4968151
1987	5	0.91379327	1.005103	0.5649377	0.6690104
1987	6	1.1309191	1.2215607	0.9377936	0.9866576
1987	7	1.3030236	1.4582502	1.094885	1.2478418
1987	8	1.0383593	1.092601	0.7782681	0.7933737
1987	9	1.0485686	1.106485	0.65391284	0.683679
1987	10	1.0759033	1.1738825	0.8301002	1.0580866
1987	11	0.5066634	0.5778171	0.043174684	0.04277222
1987	12	0.34590784	0.3834018	0.025253784	0.035671998
1988	1	0.38081113	0.49274752	0.08673889	0.11292603
1988	2	0.68130726	0.82725966	0.23480676	0.2418811
1988	3	0.7177114	0.82983166	0.27513927	0.34681398
1988	4	0.7166063	0.6579184	0.22548962	0.20722938
1988	5	1.4367217	1.4453328	0.98118997	1.1521777
1988	6	1.2448177	1.2900608	0.9689349	0.9783242
1988	7	0.96486557	1.2138975	0.7629493	0.9702459
1988	8	0.974747	1.1139896	0.81339645	0.90004975
1988	9	0.985695	1.0813423	0.6519823	0.602981
1988	10	0.99811107	0.7918215	0.3456478	0.222068
1988	11	0.7063697	0.6654301	0.031003661	0.022236329
1988	12	0.4100113	0.4039202	0.040278807	0.029719483
1989	1	0.5757473	0.7059203	0.13248548	0.11977124
1989	2	0.79793036	0.95939904	0.3103937	0.42759693
1989	3	0.60891056	0.6922253	0.24886659	0.3424347
1989	4	0.9616714	0.9481585	0.5486957	0.70829654
1989	5	1.0847534	1.1917309	0.84008896	1.100179
1989	6	1.2111013	1.2408055	1.0046089	1.0651871
1989	7	1.0081725	1.0641531	0.8366895	0.87377405
1989	8	0.8621256	0.84601086	0.6705327	0.6535767
1989	9	0.87113404	0.90846324	0.6026262	0.6081681
1989	10	0.9496256	0.9797026	0.3422484	0.37487537
1989	11	0.7063291	0.7028408	0.17231447	0.17729723
1989	12	0.39781988	0.32983783	0.045650877	0.03201538
1990	1	0.574608	0.78203255	0.13819335	0.21432984
1990	2	0.6008377	0.7474405	0.25218213	0.30357373
1990	3	0.6035276	0.6703367	0.24370435	0.2523828
1990	4	0.7348466	0.65501016	0.28231603	0.31764698
1990	5	1.0112295	1.0376023	0.8734126	0.8395901
1990	6	1.0918719	1.0165236	0.99915284	0.86246437
1990	7	1.0133408	1.2340314	0.7704618	1.0153143
1990	8	0.9175126	1.10826	0.7107394	0.8235611
1990	9	0.84367037	0.9557252	0.583866	0.65736073
1990	10	1.0084592	1.0309243	0.62105095	0.6355918
1990	11	0.7037651	0.7357315	0.06327808	0.04783179
1990	12	0.60218865	0.6626774	0.2065614	0.21139613
1991	1	0.27734885	0.33477738	0.057192504	0.06938818
1991	2	0.7782722	0.9573286	0.3573574	0.5628871
1991	3	0.4185453	0.717508	0.13819325	0.28278273
1991	4	0.69186157	0.55049044	0.29566246	0.34842956
1991	5	0.91248983	0.89739823	0.5447085	0.5329975
1991	6	1.3610988	1.4495664	1.0616033	1.105366
1991	7	1.2855192	1.5067022	0.9854289	1.2472465
1991	8	0.9797718	1.2289658	0.8392915	0.9795997
1991	9	1.0059788	1.2327541	0.7445247	0.936317
1991	10	1.0478796	1.1692898	0.53513956	0.6739849
1991	11	0.7526391	0.7775381	0.10256128	0.111097656
1991	12	0.47312477	0.45845968	0.046742067	0.052636355
1992	1	0.4888467	0.6076719	0.17407703	0.18835181
1992	2	0.42377892	0.5894678	0.098070554	0.15416785
1992	3	1.091699	1.3403327	0.7998823	1.3318135
1992	4	0.79332423	0.7367799	0.4768861	0.49860096
1992	5	1.3985198	1.3504677	1.102817	1.0057478
1992	6	1.3540184	1.2709712	1.2040892	1.079813
1992	7	1.0615954	1.0093207	0.9411931	0.802685
1992	8	0.8877638	1.1285802	0.7862003	0.91284746
1992	9	1.0491216	1.1995207	0.9147524	1.0083414
1992	10	1.0059167	1.1193895	0.45988855	0.6147157
1992	11	0.7259295	0.71224064	0.15636608	0.14226282
1992	12	0.41718602	0.4038434	0.032472536	0.04302734
1993	1	0.65153074	0.7262378	0.20076966	0.18898949
1993	2	0.5852634	0.6730921	0.17890356	0.1371609
1993	3	0.7438803	0.9602351	0.3299514	0.46390662
1993	4	0.5618258	0.5370929	0.15649194	0.227
1993	5	1.3998502	1.420063	0.9203344	1.0568112
1993	6	1.371226	1.4482008	1.071466	1.1210974
1993	7	0.90783256	0.9071063	0.757871	0.68635744
1993	8	1.2129664	1.3938755	0.8979647	1.0861056
1993	9	0.9426862	0.99873644	0.6800178	0.707276
1993	10	0.9953221	1.1050335	0.3177383	0.40663576
1993	11	0.5953705	0.6866937	0.18226111	0.239245
1993	12	0.42048773	0.392794	0.02768799	0.032738283
1994	1	0.5697382	0.6656663	0.15430957	0.15752673
1994	2	0.7021428	0.908989	0.23354773	0.32096338
1994	3	0.45403174	0.59905666	0.14830798	0.21896423
1994	4	0.79577243	0.91698545	0.39378673	0.6083381
1994	5	1.0382696	1.0681353	0.7012962	0.7964775
1994	6	1.2075584	1.2744261	0.965955	1.1501794
1994	7	0.8509966	1.0314013	0.71040356	0.8235611
1994	8	0.7589835	0.8631406	0.6544165	0.65714806
1994	9	0.96904474	1.0649707	0.7355013	0.7951169
1994	10	1.0493214	1.1206466	0.5364407	0.6994529
1994	11	0.68296754	0.63532674	0.052114137	0.042389527
1994	12	0.6493565	0.7542018	0.18801099	0.23052894
1995	1	0.392571	0.40225413	0.05244995	0.032483153
1995	2	0.58942395	0.6750536	0.18524097	0.20472094
1995	3	0.7082151	0.7546757	0.33821934	0.41492677
1995	4	0.875332	0.8143535	0.53652453	0.50782704
1995	5	1.1987314	1.1585779	1.1326153	0.9761133
1995	6	1.3360944	1.3243053	1.1162055	1.1715231
1995	7	1.0394323	1.2542485	0.9305749	0.9218187
1995	8	0.80749434	0.8147514	0.7015481	0.6841466
1995	9	0.9008616	0.9288414	0.6974352	0.5962633
1995	10	1.0481243	1.1053469	0.53698623	0.6594864
1995	11	0.7939849	0.842184	0.10151209	0.08873364
1995	12	0.63788396	0.6447457	0.13319898	0.12193958
1996	1	0.6573794	0.7593838	0.1479303	0.15718652
1996	2	0.5689126	0.6760045	0.13685034	0.12610632
1996	3	0.85620284	1.0523754	0.32554457	0.50548863
1996	4	0.65422976	0.5980075	0.25919092	0.26279968
1996	5	1.3345605	1.3140597	1.1690028	1.0085115
1996	6	1.1053	1.204281	0.8369832	0.9096162
1996	7	1.0548831	1.1474198	0.8473077	0.91280496
1996	8	0.8714073	0.9320629	0.7037724	0.72275233
1996	9	0.87962794	1.0778524	0.6008637	0.7512815
1996	10	0.95926976	1.01524	0.6144197	0.6555749
1996	11	0.7840595	0.8661432	0.17277613	0.15884474
1996	12	0.48961467	0.45945302	0.06365564	0.045110717
1997	1	0.39598608	0.39446113	0.031255372	0.02461731
1997	2	0.5533505	0.6230302	0.11704077	0.06645447
1997	3	0.73631126	0.8783282	0.35093603	0.44736743
1997	4	0.76961714	0.6634116	0.30137026	0.41237563
1997	5	1.2762227	1.1217853	1.1338325	0.83261716
1997	6	0.9168289	0.88906753	0.7552269	0.7374209
1997	7	0.94945675	1.1669724	0.75887823	0.88827246
1997	8	0.88188434	0.9433094	0.75602436	0.8025999
1997	9	0.9177676	0.97444415	0.63913965	0.60957116
1997	10	0.9335378	0.89121747	0.7713851	0.676451
1997	11	0.8231809	0.79462194	0.35114586	0.35638037
1997	12	0.37336832	0.4174678	0.052785646	0.04642871
1998	1	0.4414863	0.5621876	0.11884546	0.12398046
1998	2	0.5807438	0.67586786	0.25318944	0.27058032
1998	3	0.63385624	0.7945896	0.29402566	0.45021617
1998	4	0.83509076	0.6655286	0.34703285	0.36326808
1998	5	1.1640098	1.1069326	0.86140937	0.75536317
1998	6	1.0195163	1.029485	0.89985335	0.8054061
1998	7	1.2495657	1.4201626	0.93901074	1.0742857
1998	8	1.0751309	1.28728	0.80038595	1.0035796
1998	9	0.88254553	0.8806994	0.7589202	0.70472497
1998	10	0.63529235	0.5418829	0.26208693	0.1354602
1998	11	0.3574217	0.27677578	0.01883252	0.014158081
1998	12	0.39863864	0.35758725	0.0209729	0.01526355
1999	1	0.5689354	0.6692686	0.16371068	0.14119995
1999	2	0.58581007	0.62896365	0.20076966	0.18554553
1999	3	0.98069984	1.127782	0.63506866	0.9442253
1999	4	0.99478525	0.97057825	0.35739928	0.47326064
1999	5	1.046761	1.099499	0.83182096	0.9100839
1999	6	1.2292265	1.2565485	1.0912337	1.0837673
1999	7	1.127246	1.1401895	0.85196626	0.8798965
1999	8	0.82846415	0.85220164	0.69109774	0.64796436
1999	9	0.76166326	0.8669596	0.5835303	0.61756444
1999	10	0.9642709	1.0083069	0.51843584	0.51471496
1999	11	0.7825773	0.8574527	0.15334436	0.20399818
1999	12	0.43052113	0.3730046	0.01820288	0.014795898
2000	1	0.44250336	0.5132793	0.12014648	0.103657104
2000	2	0.74529064	0.80200034	0.24672607	0.13716076
2000	3	0.81360257	0.9407049	0.40495068	0.52466404
2000	4	1.0303515	0.84081525	0.5425681	0.56152654
2000	5	1.1089108	1.1081095	0.8356822	0.83716667
2000	6	1.073581	1.1995873	0.97002614	1.0153568
2000	7	0.90901786	1.0451626	0.7356272	0.8129742
2000	8	0.9182508	0.967675	0.7437693	0.8096578
2000	9	1.0292522	1.1130075	0.76055706	0.80230236
2000	10	1.0015326	1.0782338	0.36667454	0.49439162
2000	11	0.84548974	0.91025674	0.1844436	0.19702527
2000	12	0.39788622	0.3740521	0.03532654	0.026828248
2001	1	0.56090844	0.6895967	0.1063385	0.13563025
2001	2	0.6664141	0.8413872	0.19707641	0.22989124
2001	3	0.5813319	0.6141082	0.23228857	0.22109008
2001	4	0.6379302	0.5662605	0.25012562	0.3056997
2001	5	0.97790384	1.0978875	0.64627445	0.79549956
2001	6	0.991569	0.9474233	0.8721955	0.8041731
2001	7	0.92876244	1.0662079	0.81620836	0.865143
2001	8	1.024597	1.1994419	0.8018968	0.9355092
2001	9	1.1808659	1.3004502	0.88705266	0.9971594
2001	10	1.1128732	1.1291586	0.80563205	0.7567662
2001	11	0.6933032	0.68761814	0.16572523	0.16343653
2001	12	0.53442913	0.55815536	0.12421753	0.103572145
2002	1	0.35614464	0.44203222	0.04074048	0.034651488
2002	2	0.6731877	0.76371104	0.24001098	0.2467705
2002	3	0.4968598	0.54391754	0.20249036	0.21713598
2002	4	1.0245289	0.76491153	0.5908329	0.48133886
2002	5	1.0581063	1.039516	0.534636	0.6288315
2002	6	1.0839834	1.1427501	0.88466036	0.9227115
2002	7	1.2948892	1.5243331	1.0408704	1.3020089
2002	8	0.84127355	0.8645306	0.6803955	0.6556599
2002	9	0.91148967	0.9888391	0.6894189	0.7617408
2002	10	0.8828077	0.93802047	0.35723144	0.39179724
2002	11	0.6531584	0.70066	0.043720216	0.030867431
2002	12	0.56034756	0.5736954	0.057192504	0.06543408
2003	1	0.40212852	0.4197291	0.06294226	0.046216186
2003	2	0.67684424	0.840311	0.2509231	0.3459636
2003	3	0.540294	0.6503405	0.18020472	0.18767151
2003	4	0.8602304	0.801942	0.38354626	0.43010548
2003	5	1.0967543	1.2089466	0.7737354	0.85834026
2003	6	1.1600455	1.2097001	1.0039372	1.0423129
2003	7	0.82467604	1.1384898	0.5855028	0.89146125
2003	8	0.96687263	1.0887977	0.78578055	0.85566163
2003	9	1.0250479	1.0882242	0.8228815	0.7619959
2003	10	1.1425632	1.1995183	0.52909607	0.5946051
2003	11	0.8983473	0.93278104	0.31773815	0.25242543
2003	12	0.5336405	0.45182148	0.09928772	0.08061279
2004	1	0.6767374	0.6217037	0.19124255	0.16513734
2004	2	0.8220461	0.7333051	0.12665173	0.0743628
2004	3	1.4295856	1.3343399	1.1128898	1.0091918
2004	4	1.5985513	1.5963689	1.376961	1.338021
2004	5	1.5472887	1.7544419	1.3295777	1.5003523
2004	6	1.15208	1.4682779	0.9596597	1.2496275
2004	7	1.0993547	1.6583263	0.88684285	1.4757347
2004	8	1.0724707	1.4416757	0.83375156	1.1141672
2004	9	1.0889719	1.367004	0.75954974	1.053835
2004	10	0.4589161	0.4434778	0.10562512	0.112628296
2004	11	0.48337245	0.47753316	0.03524243	0.036097046
2004	12	0.60436565	0.63394564	0.12111182	0.09957544
2005	1	0.6232275	0.69058627	0.14557996	0.09026416
2005	2	0.9042605	1.0820332	0.47075856	0.72581375
2005	3	0.70465076	0.7419284	0.18205127	0.21828394
2005	4	1.1219783	1.1238607	0.72131574	0.63240296
2005	5	1.4395231	1.5240252	1.2803056	1.2917622
2005	6	1.0066954	0.98887026	0.7433076	0.74116236
2005	7	0.9282527	0.9998044	0.7752043	0.797753
2005	8	1.27659	1.4320111	0.98652	1.1329173
2005	9	1.0203788	1.3004942	0.7075918	0.9343613
2005	10	1.0376889	1.2382747	0.38279074	0.6954137
2005	11	0.9331564	1.077694	0.2694735	0.4687112
2005	12	0.7245436	0.7400751	0.0937478	0.0630531
2006	1	0.7242461	0.93075585	0.12295838	0.19651514
2006	2	0.468128	0.51554745	0.07049671	0.11845325
2006	3	1.1714388	0.90073174	0.64291686	0.28014672
2006	4	1.2945727	1.301459	0.87698007	0.7959247
2006	5	1.2568786	1.3836545	0.94488645	0.9614448
2006	6	1.1104032	1.4258873	0.9828268	1.220418
2006	7	0.8897113	1.3530674	0.667343	1.0537925
2006	8	0.8367341	0.84279704	0.7408314	0.71998876
2006	9	0.9718836	1.072098	0.707214	0.7694789
2006	10	1.0511633	1.1276915	0.5090345	0.63019204
2006	11	0.92552984	0.96852964	0.22041139	0.301703
2006	12	0.39393637	0.5881901	0.10449194	0.19740796
2007	1	0.6269807	0.44121546	0.06961536	0.03894568
2007	2	0.81121325	0.8559562	0.24844678	0.21513757
2007	3	0.4270891	0.47603342	0.044014037	0.0690481
2007	4	1.023601	1.2340895	0.26305225	0.63737744
2007	5	1.228092	1.42012	1.0394855	1.1673138
2007	6	1.3273921	1.4859042	1.0922829	1.3139987
2007	7	1.2578957	1.5729884	1.0209349	1.2529438
2007	8	0.9769598	1.3846629	0.7569057	1.1114886
2007	9	1.1359079	1.2400309	0.9772448	1.0104249
2007	10	1.0069916	1.2294979	0.7135093	1.0449915
2007	11	0.86448437	0.8449012	0.09504883	0.10795142
2007	12	0.9098745	1.0931121	0.3700321	0.7092318
2008	1	0.92430484	1.0770327	0.3408634	0.468286
2008	2	0.7846764	0.8229592	0.15712145	0.1645846
2008	3	1.2319248	1.1289923	0.65093315	0.5679042
2008	4	1.6633614	1.7814674	1.2457228	1.352732
2008	5	1.0727001	1.2561412	0.75841653	0.97500783
2008	6	0.87207484	1.2501578	0.7036046	1.0110626
2008	7	0.88778716	1.3504323	0.7493512	1.0660801
2008	8	0.9381751	1.0670501	0.80764663	0.86378247
2008	9	0.91716677	1.0740095	0.67292506	0.76650274
2008	10	0.7613504	0.9268364	0.15174939	0.28962803
2008	11	0.9209681	1.0148537	0.104869634	0.1314635
2008	12	0.63166434	0.6653937	0.11821594	0.14264563
2009	1	0.6512674	0.46975765	0.18968982	0.11313855
2009	2	1.1747541	1.2047789	0.91105914	1.0818539
2009	3	1.3319916	1.2475674	0.97313184	0.99299264
2009	4	1.4690096	1.5680676	1.3596277	1.4284555
2009	5	1.4717255	1.657728	1.2199116	1.4048158
2009	6	1.3932858	1.5824881	1.2193661	1.3638716
2009	7	1.2632376	1.4880809	0.9802666	1.2512006
2009	8	1.0016987	1.4391208	0.6990719	1.0956721
2009	9	0.874799	1.1267427	0.5980936	0.84141827
2009	10	1.0732789	1.2888058	0.65244395	0.9929502
2009	11	0.7902311	0.7823571	0.28655505	0.18711877
2009	12	0.7195025	0.57415044	0.11871948	0.073087156
2010	1	0.44136208	0.5517345	0.03335388	0.030994995
2010	2	0.67160255	0.6044839	0.09181726	0.11705017
2010	3	0.3770068	0.4879578	0.068440184	0.09345288
2010	4	1.1042895	1.2188824	0.5999403	0.7318085
2010	5	1.3015628	1.3453755	1.0439761	1.1104681
2010	6	1.0863162	1.1049657	0.88025355	0.8440969
2010	7	0.928073	1.0920438	0.7791075	0.8255168
2010	8	0.71262324	0.78675264	0.58831483	0.672922
2010	9	0.97613263	1.0752351	0.8476014	0.90715015
2010	10	1.0436021	1.1484501	0.40906358	0.53537846
2010	11	0.88426065	0.91585064	0.13563329	0.11041736
2010	12	0.58211887	0.59452754	0.039691284	0.037202515
2011	1	0.52873385	0.40204567	0.048630737	0.03822302
2011	2	0.67480534	0.917423	0.29289234	0.49269092
2011	3	0.5558027	0.91004133	0.119642824	0.30195802
2011	4	0.83021355	1.0274382	0.3419546	0.4967726
2011	5	0.89541036	1.0744008	0.50483763	0.60115266
2011	6	1.0353892	1.2817156	0.8498679	1.0368706
2011	7	1.0704794	1.3584116	0.8366055	1.0815563
2011	8	0.80980605	1.094352	0.6455189	0.8876772
2011	9	0.85894614	1.0012988	0.66025025	0.7702018
2011	10	1.0737811	1.1852835	0.4304679	0.64877224
2011	11	0.67840546	0.6347372	0.073182866	0.09881018
2011	12	0.77472067	0.7867657	0.13340881	0.120961666
2012	1	0.7527138	0.8059585	0.1513717	0.13452466
2012	2	1.2460184	1.3012725	1.2018647	1.1376792
2012	3	0.88831073	1.0264761	0.2670393	0.27325892
2012	4	0.9675587	1.1711351	0.7268556	0.88219243
2012	5	1.3742709	1.4738475	1.0279858	1.1640401
2012	6	1.3869298	1.2584352	1.2095454	1.0979255
2012	7	1.3562698	1.474884	1.0355403	1.2922723
2012	8	1.067456	1.2151095	0.9461036	1.0266664
2012	9	1.005586	1.0910434	0.8102907	0.8090626
2012	10	1.154032	1.2203302	0.60724306	0.8190117
2012	11	0.9543233	0.98888624	0.14918932	0.12742431
2012	12	0.57063377	0.5047062	0.15703747	0.087543085
2013	1	0.6243458	0.60391736	0.07809326	0.034864016
2013	2	0.5272744	0.6543807	0.14742652	0.20531616
2013	3	0.65078753	0.5688224	0.14129907	0.10982214
2013	4	1.0670506	1.2032871	0.6531154	0.74167264
2013	5	1.2866311	1.2415526	1.0828817	1.1363611
2013	6	0.7236757	0.9672031	0.33994007	0.693713
2013	7	1.0324112	1.3452706	0.7051995	1.080706
2013	8	0.8979028	0.945078	0.7538419	0.79970884
2013	9	0.99544203	1.0790992	0.65836155	0.69826233
2013	10	0.87438506	0.90853643	0.38182545	0.49133033
2013	11	0.6048846	0.69571877	0.058283694	0.082143426
2013	12	0.79635686	0.8596175	0.21701184	0.14736499
2014	1	0.42993695	0.4768608	0.086571045	0.043069825
2014	2	0.8529282	0.9902746	0.26930565	0.2272976
2014	3	0.9670544	0.8648999	0.41838086	0.24056299
2014	4	1.0980145	1.0222702	0.5529345	0.5325298
2014	5	1.2465622	1.0803868	0.9803506	0.8047683
2014	6	1.1397967	1.3392619	1.0002021	1.0693538
2014	7	0.8691145	1.2337335	0.7129637	0.94762665
2014	8	1.0864985	1.3484412	0.7580388	0.9799399
2014	9	1.1186763	1.1812861	0.8269106	0.8304913
2014	10	1.0831623	1.1664392	0.624912	0.73661304
2014	11	0.6179455	0.7149412	0.07926831	0.08044263
2014	12	0.49599874	0.47070262	0.04225134	0.030654907
2015	1	0.4554323	0.5282485	0.07100037	0.07019593
2015	2	0.4400149	0.56385136	0.17172693	0.2061665
2015	3	0.4319616	0.5082623	0.16719422	0.20722938
2015	4	0.6358101	0.33482614	0.23631763	0.12678662
2015	5	1.1224179	1.031092	0.8380325	0.6658217
2015	6	1.0893131	1.0876671	1.0216484	0.9397185
2015	7	0.80572754	0.8217715	0.6175674	0.590906
2015	8	0.8762344	0.89890695	0.6727991	0.7360178
2015	9	0.9991626	1.0067308	0.76710427	0.7278545
2015	10	0.95223445	0.9228799	0.39122656	0.3499177
2015	11	0.7294357	0.7796661	0.24252918	0.25221288
2015	12	0.5008428	0.5010727	0.04955408	0.041921876
2016	1	0.3842228	0.41512078	0.041663818	0.029336914
2016	2	0.4080701	0.51769775	0.08686475	0.07346973
2016	3	0.48709074	0.59721476	0.24676806	0.34400782
2016	4	0.80256623	0.6991779	0.38006288	0.37223938
2016	5	1.213403	1.2203289	0.9250349	0.9119971
2016	6	1.1627096	1.0543307	0.9594498	0.8167157
2016	7	1.1229984	1.3307238	0.955043	1.0781124
2016	8	0.90841305	0.9612655	0.82968056	0.82687736
2016	9	1.0475739	1.1006083	0.8142358	0.8678216
2016	10	1.0387512	1.1325748	0.5334608	0.6052769
2016	11	0.8119915	0.83944446	0.107891485	0.11152282
2016	12	0.4610931	0.4710654	0.028947143	0.021173462
2017	1	0.6061558	0.64021283	0.24618053	0.25433874
2017	2	0.6360414	0.8502957	0.19804162	0.30535948
2017	3	0.76236373	0.8106766	0.31778014	0.34422034
2017	4	0.45295972	0.44353488	0.04753955	0.05161597
2017	5	0.80661905	0.64439255	0.5418127	0.43516505
2017	6	1.0868013	0.9872759	0.9241116	0.8269624
2017	7	0.9367671	0.9674257	0.8489025	0.8116137
2017	8	0.94760126	1.1057734	0.75682175	0.8236886
2017	9	0.9155978	1.023675	0.735837	0.75595844
2017	10	0.9426959	1.0403169	0.524899	0.592139
2017	11	0.78334427	0.8080454	0.16908276	0.1767445
2017	12	0.48373386	0.5925478	0.08300366	0.072364375
2018	1	0.4367979	0.58676714	0.050015625	0.050170287
2018	2	0.5269799	0.6881854	0.12728137	0.1608855
2018	3	0.4960661	0.5827064	0.15506506	0.20620897
2018	4	0.876809	0.7418012	0.41389	0.33792773
2018	5	1.2458999	1.2994152	0.98618424	1.1889126
2018	6	1.3337123	1.3285762	1.1550272	1.0483928
2018	7	1.0506537	1.0217608	0.8869268	0.8574048
2018	8	0.81457156	0.855807	0.65021944	0.70157874
2018	9	0.84295684	0.7550925	0.70385647	0.56730896
2018	10	0.9740846	0.9810484	0.4663098	0.5029376
2018	11	0.6161971	0.6832474	0.18637428	0.24213612
2018	12	0.4495918	0.42075673	0.0307937	0.023171753
2019	1	0.009473389	0.009608642	0.009473389	0.009608642
