year	month	hanle_pblh	merak_pblh
1979	1	0.42962196	0.49304658
1979	2	0.5889769	0.6257756
1979	3	0.7434812	0.95416236
1979	4	0.73766726	0.591158
1979	5	1.3200151	1.3289336
1979	6	1.1147532	1.1181942
1979	7	0.95158327	1.0247995
1979	8	1.0045601	1.1358867
1979	9	1.0296177	1.0519812
1979	10	0.9138088	0.95514643
1979	11	0.69210637	0.75098956
1979	12	0.49179637	0.44415122
1980	1	0.5449401	0.62350315
1980	2	0.69566476	0.82208794
1980	3	0.53640777	0.7033833
1980	4	0.6841399	0.5784056
1980	5	0.8651335	0.9633262
1980	6	1.1282184	1.2482677
1980	7	0.87269914	0.8955073
1980	8	0.93878025	1.014778
1980	9	0.98968947	1.0476636
1980	10	1.0350194	1.078205
1980	11	0.6580899	0.6869942
1980	12	0.41631517	0.3654358
1981	1	0.45288265	0.48962525
1981	2	0.6161217	0.7406537
1981	3	0.5557448	0.6481111
1981	4	0.84562016	0.7843536
1981	5	1.1775998	1.1490725
1981	6	1.3152965	1.296454
1981	7	1.0479896	1.0707816
1981	8	0.9693695	1.1377519
1981	9	0.98968804	1.1987717
1981	10	0.9545303	1.1015196
1981	11	0.33107647	0.23741922
1981	12	0.3832731	0.3177077
1982	1	0.53750545	0.65839
1982	2	0.7162696	0.8471521
1982	3	0.80034363	0.9250952
1982	4	0.7653492	0.67637795
1982	5	1.1720095	1.0631641
1982	6	1.1402158	1.1845515
1982	7	1.1861372	1.3825648
1982	8	0.8984463	1.0175409
1982	9	1.1217555	1.2162765
1982	10	0.9126885	1.0070717
1982	11	0.6603814	0.7491528
1982	12	0.50626665	0.51232713
1983	1	0.5331531	0.60375726
1983	2	0.42645165	0.48464113
1983	3	0.8963692	1.0697972
1983	4	0.6512041	0.6661589
1983	5	0.89569294	0.8169537
1983	6	1.1483375	1.259636
1983	7	0.9969048	1.1774025
1983	8	0.9076982	1.0190822
1983	9	0.9017741	0.9971459
1983	10	0.995844	1.0779763
1983	11	0.6851395	0.72362435
1983	12	0.515019	0.4767538
1984	1	0.5765623	0.6968638
1984	2	0.9635983	1.1986785
1984	3	0.4967295	0.6278231
1984	4	0.909727	0.8237828
1984	5	1.3333312	1.3419663
1984	6	1.3382789	1.4897357
1984	7	1.0772812	1.3047872
1984	8	0.7517079	0.912867
1984	9	1.0633278	1.0853496
1984	10	0.9678647	1.0568562
1984	11	0.66591436	0.68258053
1984	12	0.8974536	1.064344
1985	1	0.3629799	0.3786409
1985	2	0.37950292	0.52506715
1985	3	0.81823987	0.97345936
1985	4	0.68827456	0.6065648
1985	5	1.0594858	1.0772127
1985	6	1.2623291	1.2591233
1985	7	0.76621884	0.89398694
1985	8	0.8509553	0.9545666
1985	9	1.0734242	1.2431262
1985	10	0.72418886	0.75802773
1985	11	0.53087056	0.56780356
1985	12	0.5703623	0.62678695
1986	1	0.36218178	0.42122236
1986	2	0.539806	0.65206385
1986	3	0.9529639	1.0810108
1986	4	0.8276902	0.77161795
1986	5	1.3152058	1.3402357
1986	6	1.3194193	1.3482202
1986	7	0.8078589	0.88511485
1986	8	0.9519641	1.0981011
1986	9	1.0222172	1.042688
1986	10	0.8116337	0.8699944
1986	11	0.6735286	0.7274899
1986	12	0.4849977	0.4938972
1987	1	0.33555123	0.34115738
1987	2	0.58639205	0.6834086
1987	3	0.5473296	0.6534559
1987	4	0.85957325	0.7931285
1987	5	0.91379327	1.005103
1987	6	1.1309191	1.2215607
1987	7	1.3030236	1.4582502
1987	8	1.0383593	1.092601
1987	9	1.0485686	1.106485
1987	10	1.0759033	1.1738825
1987	11	0.5066634	0.5778171
1987	12	0.34590784	0.3834018
1988	1	0.38081113	0.49274752
1988	2	0.68130726	0.82725966
1988	3	0.7177114	0.82983166
1988	4	0.7166063	0.6579184
1988	5	1.4367217	1.4453328
1988	6	1.2448177	1.2900608
1988	7	0.96486557	1.2138975
1988	8	0.974747	1.1139896
1988	9	0.985695	1.0813423
1988	10	0.99811107	0.7918215
1988	11	0.7063697	0.6654301
1988	12	0.4100113	0.4039202
1989	1	0.5757473	0.7059203
1989	2	0.79793036	0.95939904
1989	3	0.60891056	0.6922253
1989	4	0.9616714	0.9481585
1989	5	1.0847534	1.1917309
1989	6	1.2111013	1.2408055
1989	7	1.0081725	1.0641531
1989	8	0.8621256	0.84601086
1989	9	0.87113404	0.90846324
1989	10	0.9496256	0.9797026
1989	11	0.7063291	0.7028408
1989	12	0.39781988	0.32983783
1990	1	0.574608	0.78203255
1990	2	0.6008377	0.7474405
1990	3	0.6035276	0.6703367
1990	4	0.7348466	0.65501016
1990	5	1.0112295	1.0376023
1990	6	1.0918719	1.0165236
1990	7	1.0133408	1.2340314
1990	8	0.9175126	1.10826
1990	9	0.84367037	0.9557252
1990	10	1.0084592	1.0309243
1990	11	0.7037651	0.7357315
1990	12	0.60218865	0.6626774
1991	1	0.27734885	0.33477738
1991	2	0.7782722	0.9573286
1991	3	0.4185453	0.717508
1991	4	0.69186157	0.55049044
1991	5	0.91248983	0.89739823
1991	6	1.3610988	1.4495664
1991	7	1.2855192	1.5067022
1991	8	0.9797718	1.2289658
1991	9	1.0059788	1.2327541
1991	10	1.0478796	1.1692898
1991	11	0.7526391	0.7775381
1991	12	0.47312477	0.45845968
1992	1	0.4888467	0.6076719
1992	2	0.42377892	0.5894678
1992	3	1.091699	1.3403327
1992	4	0.79332423	0.7367799
1992	5	1.3985198	1.3504677
1992	6	1.3540184	1.2709712
1992	7	1.0615954	1.0093207
1992	8	0.8877638	1.1285802
1992	9	1.0491216	1.1995207
1992	10	1.0059167	1.1193895
1992	11	0.7259295	0.71224064
1992	12	0.41718602	0.4038434
1993	1	0.65153074	0.7262378
1993	2	0.5852634	0.6730921
1993	3	0.7438803	0.9602351
1993	4	0.5618258	0.5370929
1993	5	1.3998502	1.420063
1993	6	1.371226	1.4482008
1993	7	0.90783256	0.9071063
1993	8	1.2129664	1.3938755
1993	9	0.9426862	0.99873644
1993	10	0.9953221	1.1050335
1993	11	0.5953705	0.6866937
1993	12	0.42048773	0.392794
1994	1	0.5697382	0.6656663
1994	2	0.7021428	0.908989
1994	3	0.45403174	0.59905666
1994	4	0.79577243	0.91698545
1994	5	1.0382696	1.0681353
1994	6	1.2075584	1.2744261
1994	7	0.8509966	1.0314013
1994	8	0.7589835	0.8631406
1994	9	0.96904474	1.0649707
1994	10	1.0493214	1.1206466
1994	11	0.68296754	0.63532674
1994	12	0.6493565	0.7542018
1995	1	0.392571	0.40225413
1995	2	0.58942395	0.6750536
1995	3	0.7082151	0.7546757
1995	4	0.875332	0.8143535
1995	5	1.1987314	1.1585779
1995	6	1.3360944	1.3243053
1995	7	1.0394323	1.2542485
1995	8	0.80749434	0.8147514
1995	9	0.9008616	0.9288414
1995	10	1.0481243	1.1053469
1995	11	0.7939849	0.842184
1995	12	0.63788396	0.6447457
1996	1	0.6573794	0.7593838
1996	2	0.5689126	0.6760045
1996	3	0.85620284	1.0523754
1996	4	0.65422976	0.5980075
1996	5	1.3345605	1.3140597
1996	6	1.1053	1.204281
1996	7	1.0548831	1.1474198
1996	8	0.8714073	0.9320629
1996	9	0.87962794	1.0778524
1996	10	0.95926976	1.01524
1996	11	0.7840595	0.8661432
1996	12	0.48961467	0.45945302
1997	1	0.39598608	0.39446113
1997	2	0.5533505	0.6230302
1997	3	0.73631126	0.8783282
1997	4	0.76961714	0.6634116
1997	5	1.2762227	1.1217853
1997	6	0.9168289	0.88906753
1997	7	0.94945675	1.1669724
1997	8	0.88188434	0.9433094
1997	9	0.9177676	0.97444415
1997	10	0.9335378	0.89121747
1997	11	0.8231809	0.79462194
1997	12	0.37336832	0.4174678
1998	1	0.4414863	0.5621876
1998	2	0.5807438	0.67586786
1998	3	0.63385624	0.7945896
1998	4	0.83509076	0.6655286
1998	5	1.1640098	1.1069326
1998	6	1.0195163	1.029485
1998	7	1.2495657	1.4201626
1998	8	1.0751309	1.28728
1998	9	0.88254553	0.8806994
1998	10	0.63529235	0.5418829
1998	11	0.3574217	0.27677578
1998	12	0.39863864	0.35758725
1999	1	0.5689354	0.6692686
1999	2	0.58581007	0.62896365
1999	3	0.98069984	1.127782
1999	4	0.99478525	0.97057825
1999	5	1.046761	1.099499
1999	6	1.2292265	1.2565485
1999	7	1.127246	1.1401895
1999	8	0.82846415	0.85220164
1999	9	0.76166326	0.8669596
1999	10	0.9642709	1.0083069
1999	11	0.7825773	0.8574527
1999	12	0.43052113	0.3730046
2000	1	0.44250336	0.5132793
2000	2	0.74529064	0.80200034
2000	3	0.81360257	0.9407049
2000	4	1.0303515	0.84081525
2000	5	1.1089108	1.1081095
2000	6	1.073581	1.1995873
2000	7	0.90901786	1.0451626
2000	8	0.9182508	0.967675
2000	9	1.0292522	1.1130075
2000	10	1.0015326	1.0782338
2000	11	0.84548974	0.91025674
2000	12	0.39788622	0.3740521
2001	1	0.56090844	0.6895967
2001	2	0.6664141	0.8413872
2001	3	0.5813319	0.6141082
2001	4	0.6379302	0.5662605
2001	5	0.97790384	1.0978875
2001	6	0.991569	0.9474233
2001	7	0.92876244	1.0662079
2001	8	1.024597	1.1994419
2001	9	1.1808659	1.3004502
2001	10	1.1128732	1.1291586
2001	11	0.6933032	0.68761814
2001	12	0.53442913	0.55815536
2002	1	0.35614464	0.44203222
2002	2	0.6731877	0.76371104
2002	3	0.4968598	0.54391754
2002	4	1.0245289	0.76491153
2002	5	1.0581063	1.039516
2002	6	1.0839834	1.1427501
2002	7	1.2948892	1.5243331
2002	8	0.84127355	0.8645306
2002	9	0.91148967	0.9888391
2002	10	0.8828077	0.93802047
2002	11	0.6531584	0.70066
2002	12	0.56034756	0.5736954
2003	1	0.40212852	0.4197291
2003	2	0.67684424	0.840311
2003	3	0.540294	0.6503405
2003	4	0.8602304	0.801942
2003	5	1.0967543	1.2089466
2003	6	1.1600455	1.2097001
2003	7	0.82467604	1.1384898
2003	8	0.96687263	1.0887977
2003	9	1.0250479	1.0882242
2003	10	1.1425632	1.1995183
2003	11	0.8983473	0.93278104
2003	12	0.5336405	0.45182148
2004	1	0.6767374	0.6217037
2004	2	0.8220461	0.7333051
2004	3	1.4295856	1.3343399
2004	4	1.5985513	1.5963689
2004	5	1.5472887	1.7544419
2004	6	1.15208	1.4682779
2004	7	1.0993547	1.6583263
2004	8	1.0724707	1.4416757
2004	9	1.0889719	1.367004
2004	10	0.4589161	0.4434778
2004	11	0.48337245	0.47753316
2004	12	0.60436565	0.63394564
2005	1	0.6232275	0.69058627
2005	2	0.9042605	1.0820332
2005	3	0.70465076	0.7419284
2005	4	1.1219783	1.1238607
2005	5	1.4395231	1.5240252
2005	6	1.0066954	0.98887026
2005	7	0.9282527	0.9998044
2005	8	1.27659	1.4320111
2005	9	1.0203788	1.3004942
2005	10	1.0376889	1.2382747
2005	11	0.9331564	1.077694
2005	12	0.7245436	0.7400751
2006	1	0.7242461	0.93075585
2006	2	0.468128	0.51554745
2006	3	1.1714388	0.90073174
2006	4	1.2945727	1.301459
2006	5	1.2568786	1.3836545
2006	6	1.1104032	1.4258873
2006	7	0.8897113	1.3530674
2006	8	0.8367341	0.84279704
2006	9	0.9718836	1.072098
2006	10	1.0511633	1.1276915
2006	11	0.92552984	0.96852964
2006	12	0.39393637	0.5881901
2007	1	0.6269807	0.44121546
2007	2	0.81121325	0.8559562
2007	3	0.4270891	0.47603342
2007	4	1.023601	1.2340895
2007	5	1.228092	1.42012
2007	6	1.3273921	1.4859042
2007	7	1.2578957	1.5729884
2007	8	0.9769598	1.3846629
2007	9	1.1359079	1.2400309
2007	10	1.0069916	1.2294979
2007	11	0.86448437	0.8449012
2007	12	0.9098745	1.0931121
2008	1	0.92430484	1.0770327
2008	2	0.7846764	0.8229592
2008	3	1.2319248	1.1289923
2008	4	1.6633614	1.7814674
2008	5	1.0727001	1.2561412
2008	6	0.87207484	1.2501578
2008	7	0.88778716	1.3504323
2008	8	0.9381751	1.0670501
2008	9	0.91716677	1.0740095
2008	10	0.7613504	0.9268364
2008	11	0.9209681	1.0148537
2008	12	0.63166434	0.6653937
2009	1	0.6512674	0.46975765
2009	2	1.1747541	1.2047789
2009	3	1.3319916	1.2475674
2009	4	1.4690096	1.5680676
2009	5	1.4717255	1.657728
2009	6	1.3932858	1.5824881
2009	7	1.2632376	1.4880809
2009	8	1.0016987	1.4391208
2009	9	0.874799	1.1267427
2009	10	1.0732789	1.2888058
2009	11	0.7902311	0.7823571
2009	12	0.7195025	0.57415044
2010	1	0.44136208	0.5517345
2010	2	0.67160255	0.6044839
2010	3	0.3770068	0.4879578
2010	4	1.1042895	1.2188824
2010	5	1.3015628	1.3453755
2010	6	1.0863162	1.1049657
2010	7	0.928073	1.0920438
2010	8	0.71262324	0.78675264
2010	9	0.97613263	1.0752351
2010	10	1.0436021	1.1484501
2010	11	0.88426065	0.91585064
2010	12	0.58211887	0.59452754
2011	1	0.52873385	0.40204567
2011	2	0.67480534	0.917423
2011	3	0.5558027	0.91004133
2011	4	0.83021355	1.0274382
2011	5	0.89541036	1.0744008
2011	6	1.0353892	1.2817156
2011	7	1.0704794	1.3584116
2011	8	0.80980605	1.094352
2011	9	0.85894614	1.0012988
2011	10	1.0737811	1.1852835
2011	11	0.67840546	0.6347372
2011	12	0.77472067	0.7867657
2012	1	0.7527138	0.8059585
2012	2	1.2460184	1.3012725
2012	3	0.88831073	1.0264761
2012	4	0.9675587	1.1711351
2012	5	1.3742709	1.4738475
2012	6	1.3869298	1.2584352
2012	7	1.3562698	1.474884
2012	8	1.067456	1.2151095
2012	9	1.005586	1.0910434
2012	10	1.154032	1.2203302
2012	11	0.9543233	0.98888624
2012	12	0.57063377	0.5047062
2013	1	0.6243458	0.60391736
2013	2	0.5272744	0.6543807
2013	3	0.65078753	0.5688224
2013	4	1.0670506	1.2032871
2013	5	1.2866311	1.2415526
2013	6	0.7236757	0.9672031
2013	7	1.0324112	1.3452706
2013	8	0.8979028	0.945078
2013	9	0.99544203	1.0790992
2013	10	0.87438506	0.90853643
2013	11	0.6048846	0.69571877
2013	12	0.79635686	0.8596175
2014	1	0.42993695	0.4768608
2014	2	0.8529282	0.9902746
2014	3	0.9670544	0.8648999
2014	4	1.0980145	1.0222702
2014	5	1.2465622	1.0803868
2014	6	1.1397967	1.3392619
2014	7	0.8691145	1.2337335
2014	8	1.0864985	1.3484412
2014	9	1.1186763	1.1812861
2014	10	1.0831623	1.1664392
2014	11	0.6179455	0.7149412
2014	12	0.49599874	0.47070262
2015	1	0.4554323	0.5282485
2015	2	0.4400149	0.56385136
2015	3	0.4319616	0.5082623
2015	4	0.6358101	0.33482614
2015	5	1.1224179	1.031092
2015	6	1.0893131	1.0876671
2015	7	0.80572754	0.8217715
2015	8	0.8762344	0.89890695
2015	9	0.9991626	1.0067308
2015	10	0.95223445	0.9228799
2015	11	0.7294357	0.7796661
2015	12	0.5008428	0.5010727
2016	1	0.3842228	0.41512078
2016	2	0.4080701	0.51769775
2016	3	0.48709074	0.59721476
2016	4	0.80256623	0.6991779
2016	5	1.213403	1.2203289
2016	6	1.1627096	1.0543307
2016	7	1.1229984	1.3307238
2016	8	0.90841305	0.9612655
2016	9	1.0475739	1.1006083
2016	10	1.0387512	1.1325748
2016	11	0.8119915	0.83944446
2016	12	0.4610931	0.4710654
2017	1	0.6061558	0.64021283
2017	2	0.6360414	0.8502957
2017	3	0.76236373	0.8106766
2017	4	0.45295972	0.44353488
2017	5	0.80661905	0.64439255
2017	6	1.0868013	0.9872759
2017	7	0.9367671	0.9674257
2017	8	0.94760126	1.1057734
2017	9	0.9155978	1.023675
2017	10	0.9426959	1.0403169
2017	11	0.78334427	0.8080454
2017	12	0.48373386	0.5925478
2018	1	0.4367979	0.58676714
2018	2	0.5269799	0.6881854
2018	3	0.4960661	0.5827064
2018	4	0.876809	0.7418012
2018	5	1.2458999	1.2994152
2018	6	1.3337123	1.3285762
2018	7	1.0506537	1.0217608
2018	8	0.81457156	0.855807
2018	9	0.84295684	0.7550925
2018	10	0.9740846	0.9810484
2018	11	0.6161971	0.6832474
2018	12	0.4495918	0.42075673
2019	1	0.009473389	0.009608642
