Date,r0_median,Std dev,Hanle_pblh_median
2007-05-11,0.608,0.129,2.099
2007-05-13,3.879,0.631,3.193
2007-05-14,3.337,1.38,3.058
2007-05-16,4.196,0.431,2.062
2007-05-18,4.317,1.035,2.404
2007-05-19,4.47,0.709,2.551
2007-05-21,4.763,0.716,2.188
2007-05-24,4.812,1.344,2.539
2007-05-25,7.758,0.43,2.273
2007-05-27,3.263,0.349,2.232
2007-05-28,5.382,1.075,2.507
2007-05-29,4.739,0.91,2.043
2007-05-30,2.833,0.634,2.223
2007-05-31,3.742,0.964,2.464
2007-06-01,3.673,0.982,2.914
2007-06-02,3.517,0.934,2.549
2007-06-03,4.623,0.833,2.28
2007-06-05,3.993,1.112,2.639
2007-06-06,3.762,1.297,2.677
2007-06-07,3.173,0.784,2.664
2007-06-08,3.536,1.072,2.711
2007-06-09,3.242,0.864,2.705
2007-06-10,3.954,1.152,2.913
2007-06-11,4.675,1.213,2.957
2007-06-12,3.969,0.835,2.707
2007-06-13,3.647,1.279,2.281
2007-06-16,3.634,0.869,2.372
2007-06-17,4.013,0.263,2.65
2007-06-18,4.475,0.787,2.712
2007-06-21,3.716,0.804,2.743
2007-06-22,4.115,1.362,3.24
2007-06-23,3.831,1.066,3.28
2007-06-24,4.556,1.349,3.288
2007-06-25,3.978,1.321,2.269
2007-06-26,4.269,1.236,2.227
2007-06-29,6.765,1.622,1.781
2007-07-02,4.405,1.009,1.544
2007-07-04,5.539,1.922,2.551
2007-07-05,4.748,1.36,2.825
2007-07-06,5.544,1.45,2.512
2007-07-07,4.973,1.542,2.454
2007-07-10,4.028,1.182,2.713
2007-07-13,4.321,1.011,2.371
2007-07-14,3.904,1.379,2.298
2007-07-15,8.025,0.93,2.328
2007-07-16,4.347,1.041,2.365
2007-07-25,4.372,1.404,2.673
2007-07-26,5.557,1.816,2.381
2007-07-27,5.863,1.325,2.428
2007-07-28,5.091,0.967,2.32
2007-07-29,5.184,2.03,2.15
2007-07-30,4.951,1.38,2.414
2007-07-31,4.851,2.025,2.645
2007-08-01,8.472,2.699,2.34
2007-08-02,5.936,0.993,2.212
2007-08-04,4.419,1.093,1.552
2007-08-06,8.917,0.597,1.853
2007-08-07,4.532,2.186,2.018
2007-08-08,3.819,1.837,2.32
2007-08-09,4.712,1.58,1.8
2007-08-10,3.736,1.413,2.293
2007-08-11,4.152,1.496,1.235
2007-08-13,7.033,1.029,2.184
2007-08-14,6.252,1.615,2.003
2007-08-15,4.623,1.367,2.155
2007-08-16,4.615,1.343,2.423
2007-08-17,5.547,1.058,2.539
2007-08-18,4.345,1.098,2.492
2007-08-19,4.843,1.45,2.258
2007-08-20,5.361,1.358,1.981
2007-08-21,4.439,1.766,1.359
2007-08-22,5.056,1.585,1.585
2007-08-24,4.415,1.142,1.845
2007-08-25,3.996,1.478,1.937
2007-08-26,5.257,0.976,2.345
2007-08-27,5.245,0.53,2.058
2007-08-28,5.016,1.203,2.063
2007-08-29,4.344,1.283,1.921
2007-08-30,4.364,1.804,2.323
2007-08-31,5.131,1.641,2.3
2007-09-01,4.601,1.253,1.815
2007-09-04,4.77,1.479,2.403
2007-09-05,4.804,0.632,2.186
2007-09-06,6.168,1.22,2.051
2007-09-07,4.983,1.191,2.325
2007-09-08,4.978,1.002,2.119
2007-09-09,5.828,1.636,2.071
2007-09-10,4.888,0.9,1.999
2007-09-12,4.267,0.997,2.268
2007-09-14,4.103,1.136,2.804
2007-09-15,3.816,1.161,3.194
2007-09-16,4.224,0.829,2.671
2007-09-17,3.678,1.132,1.903
2007-09-18,4.316,1.677,2.379
2007-09-19,3.607,1.075,2.528
2007-09-20,6.302,1.458,1.921
2007-09-22,6.918,1.118,1.696
2007-09-23,4.637,0.506,1.739
2007-09-28,6.488,1.085,1.694
2007-09-30,4.471,0.952,1.625
2007-10-02,4.494,1.196,1.523
2007-10-03,3.511,1.303,1.567
2007-10-04,4.131,0.949,2.032
2007-10-06,4.809,0.472,1.449
2007-10-07,4.597,0.875,1.774
2007-10-09,4.239,0.952,1.574
2007-10-10,5.108,0.841,1.508
2007-10-11,4.01,1.126,1.418
2007-10-12,4.716,1.113,1.548
2007-10-13,3.611,0.986,2.008
2007-10-14,3.803,1.596,1.671
2007-10-16,2.819,1.163,1.763
2007-10-18,4.565,1.445,2.569
2007-10-19,4.069,1.919,2.495
2007-10-20,4.11,1.533,2.479
2007-10-22,3.861,1.951,2.474
2007-10-23,3.668,1.853,1.988
2007-10-24,3.494,1.449,2.709
2007-10-25,3.079,0.685,2.679
2007-10-26,3.718,1.436,2.871
2007-10-28,3.021,1.454,2.35
2007-10-29,3.378,0.841,2.841
2007-10-30,3.046,0.927,1.747
2007-10-31,2.979,0.973,1.951
2007-11-01,3.741,1.257,1.974
2007-11-02,3.195,1.297,2.185
2007-11-03,3.356,1.105,2.64
2007-11-05,3.906,1.784,2.211
2007-11-06,3.036,1.332,1.827
2007-11-07,3.289,1.011,2.353
2007-11-08,3.518,1.359,1.954
2007-11-09,4.818,1.921,2.683
2007-11-11,3.864,1.147,2.102
2007-11-12,3.443,1.462,2.37
2007-11-13,4.194,1.202,2.378
2007-11-14,3.563,1.617,1.072
2007-11-15,3.126,1.016,1.456
2007-11-16,3.015,0.705,2.51
2007-11-17,3.354,1.143,1.039
2007-11-18,2.705,0.349,1.744
2007-11-19,3.448,0.805,1.273
2007-11-20,4.148,0.698,2.601
2007-11-21,3.382,1.773,2.317
2007-11-22,3.4,0.788,1.691
2007-11-24,3.399,0.835,2.869
2007-11-26,3.851,1.4,2.317
2007-11-27,3.675,0.616,1.928
2007-11-28,3.517,1.016,2.761
2007-11-30,4.99,0.974,1.554
2007-12-01,3.458,1.343,1.364
2007-12-02,4.939,0.973,1.856
2007-12-03,4.221,1.862,1.824
2007-12-04,3.148,0.469,1.224
2007-12-06,4.595,0.837,1.638
2007-12-07,4.864,0.989,1.685
2007-12-08,3.111,0.675,1.834
2007-12-12,3.594,0.602,2.145
2007-12-13,4.326,0.76,2.088
2007-12-15,2.965,0.643,1.997
2007-12-16,3.126,0.755,2.121
2007-12-17,2.853,0.519,1.615
2007-12-18,2.462,0.589,1.326
2007-12-20,3.172,0.342,3.037
2007-12-21,3.201,0.378,2.983
2007-12-22,3.098,0.711,1.942
2007-12-23,3.733,0.587,3.0
2007-12-24,3.692,0.556,1.957
2007-12-25,2.81,0.359,2.687
2007-12-28,4.098,0.515,2.252
2007-12-30,4.42,0.19,2.998
2007-12-31,3.513,0.661,2.282
2008-01-01,3.982,0.554,1.308
2008-01-02,5.037,0.704,1.336
2008-01-03,3.794,0.918,1.648
2008-01-05,4.709,0.956,1.697
2008-01-07,3.043,1.291,0.658
2008-01-13,3.933,0.75,2.295
2008-01-14,3.058,0.296,2.538
2008-01-15,3.937,0.281,2.829
2008-01-21,4.162,0.456,2.112
2008-01-22,3.333,0.393,1.886
2008-01-24,4.096,0.709,1.652
2008-01-25,3.891,0.308,1.195
2008-01-26,4.912,0.913,1.667
2008-01-27,2.329,0.452,2.404
2008-01-28,3.269,0.266,1.402
2008-01-29,3.829,1.254,2.162
2008-01-30,5.451,1.609,2.603
2008-01-31,2.824,1.338,2.141
2008-02-01,2.308,0.573,2.239
2008-02-02,2.948,0.67,1.499
2008-02-04,4.487,1.353,2.179
2008-02-05,3.312,0.609,2.827
2008-02-10,4.866,0.722,2.024
2008-02-11,3.983,0.698,2.365
2008-02-12,2.871,1.337,2.004
2008-02-13,3.277,1.606,2.254
2008-02-14,3.585,0.796,2.73
2008-02-15,3.383,0.366,2.438
2008-02-16,3.466,0.772,3.032
2008-02-17,3.201,0.51,2.466
2008-02-18,3.911,1.267,2.286
2008-02-19,3.454,1.223,1.871
2008-02-20,2.837,1.413,2.209
2008-02-25,4.981,1.218,2.194
2008-02-26,3.075,0.953,2.939
2008-02-27,3.146,0.739,2.387
2008-02-28,3.118,1.145,2.424
2008-02-29,4.054,1.348,2.424
2008-03-01,4.142,1.339,1.717
2008-03-02,3.575,1.732,1.959
2008-03-03,4.631,1.713,2.239
2008-03-04,4.252,1.089,1.528
2008-03-05,3.749,1.333,1.889
2008-03-06,3.595,1.477,2.266
2008-03-07,3.566,1.333,2.061
2008-03-08,3.356,1.412,2.176
2008-03-09,3.564,0.671,2.487
2008-03-10,4.564,0.675,2.677
2008-03-11,6.9,1.624,2.878
2008-03-13,2.949,1.806,2.214
2008-03-14,5.005,2.791,2.313
2008-03-15,4.451,1.365,2.88
2008-03-16,3.857,0.85,2.363
2008-03-17,4.458,1.337,2.244
2008-03-18,3.936,0.965,2.047
2008-03-19,4.335,0.908,1.765
2008-03-20,4.059,1.207,2.589
2008-03-21,3.526,2.238,2.742
2008-03-22,3.32,0.523,2.063
2008-03-24,3.838,1.459,2.602
2008-03-25,3.434,1.056,2.347
2008-03-26,4.767,1.72,2.639
2008-03-27,4.572,1.34,2.169
2008-03-28,3.927,2.089,2.097
2008-03-29,4.365,2.461,2.361
2008-03-30,4.956,1.516,2.579
2008-03-31,6.154,1.513,2.234
2008-04-01,5.0,1.475,2.328
2008-04-02,4.098,1.009,2.464
2008-04-03,4.166,0.982,1.928
2008-04-04,3.369,1.559,1.826
2008-04-05,4.511,1.525,1.57
2008-04-08,4.254,0.905,1.929
2008-04-09,4.724,1.524,1.534
2008-04-13,4.984,0.788,2.647
2008-04-14,3.082,2.031,1.942
2008-04-15,6.014,2.462,2.167
2008-04-17,4.668,1.193,2.433
2008-04-18,3.664,1.209,2.235
2008-04-19,3.97,1.125,2.623
2008-04-20,3.266,1.182,2.423
2008-04-21,3.205,1.564,2.547
2008-04-22,3.168,1.53,2.444
2008-04-23,3.324,1.431,2.228
2008-04-24,3.62,1.088,2.071
2008-04-25,3.488,0.824,2.368
2008-04-26,4.114,2.244,2.297
2008-04-28,4.6,0.653,2.295
2008-04-29,3.547,1.578,1.811
2008-04-30,4.177,1.254,2.405
2008-05-01,3.548,1.071,1.802
2008-05-02,3.878,1.112,2.941
2008-05-03,3.547,0.903,2.872
2008-05-04,4.558,1.502,2.257
2008-05-05,4.962,1.387,2.21
2008-05-06,3.778,1.048,2.715
2008-05-07,3.503,1.487,2.562
2008-05-08,3.681,1.086,2.555
2008-05-13,4.956,1.736,2.008
2008-05-14,4.068,0.987,2.035
2008-05-15,3.113,0.811,2.062
2008-05-17,4.735,1.947,2.241
2008-05-18,3.906,0.866,1.681
2008-05-22,4.196,1.913,2.992
2008-05-24,5.817,1.042,1.72
2008-05-25,4.77,0.979,2.412
2008-05-26,4.343,2.247,2.578
2008-05-27,4.227,1.333,2.517
2008-05-28,5.308,1.281,2.465
2008-05-29,3.412,1.45,2.28
2008-05-30,3.788,1.178,2.111
2008-05-31,4.057,1.181,2.247
2008-06-03,4.31,1.044,2.107
2008-06-04,4.284,1.56,2.052
2008-06-06,3.556,1.416,2.826
2008-06-07,2.997,0.761,2.653
2008-06-08,3.82,1.364,2.502
2008-06-10,4.769,1.324,2.136
2008-06-17,3.885,0.62,2.543
2008-06-19,3.617,1.155,2.209
2008-06-20,4.084,1.369,2.587
2008-06-21,4.714,1.605,2.721
2008-06-22,4.41,0.249,2.475
2008-06-23,4.771,1.111,2.909
2008-06-24,5.745,0.452,2.643
2008-06-25,3.04,1.011,2.989
2008-06-26,4.418,1.259,2.716
2008-06-29,5.281,0.853,1.565
2008-07-01,4.062,1.689,2.36
2008-07-02,3.773,1.362,2.868
2008-07-03,3.641,1.296,2.882
2008-07-04,3.938,1.405,2.991
2008-07-05,3.908,0.965,2.766
2008-07-07,5.177,1.468,2.046
2008-07-08,4.512,1.199,1.477
2008-07-09,3.598,2.098,1.912
2008-07-11,3.089,0.995,1.781
2008-07-12,5.643,1.28,1.755
2008-07-13,3.188,0.542,2.373
2008-07-14,5.291,0.97,2.2
2008-07-15,2.882,1.507,2.551
2008-07-16,3.557,1.355,2.948
2008-07-17,4.372,1.66,2.934
2008-07-18,2.941,1.237,2.287
2008-07-20,3.842,0.666,2.375
2008-07-22,2.966,1.302,2.393
2008-07-23,2.58,1.279,2.317
2008-07-24,2.405,0.896,2.233
2008-07-25,4.028,0.973,2.288
2008-07-26,2.941,1.288,2.164
2008-07-27,1.976,0.496,1.985
2008-07-29,3.189,2.632,2.453
2008-07-30,3.324,0.709,2.732
2008-07-31,3.41,1.061,3.075
2008-08-01,3.557,0.855,3.094
2008-08-02,3.185,0.894,3.211
2008-08-03,4.076,1.193,1.9
2008-08-04,3.98,1.77,1.774
2008-08-05,6.19,0.639,1.257
2008-08-07,4.583,1.427,2.216
2008-08-10,5.292,1.104,1.836
2008-08-11,6.404,1.548,1.761
2008-08-12,3.972,0.826,1.982
2008-08-18,5.318,0.754,1.785
2008-08-19,4.859,1.254,2.166
2008-08-20,4.301,1.543,2.198
2008-08-21,5.672,1.761,1.737
2008-08-22,5.027,0.958,1.487
2008-08-27,3.872,0.91,2.036
2008-08-28,3.739,1.131,2.619
2008-08-29,4.044,1.324,1.792
2008-08-30,4.924,1.246,1.654
2008-09-02,4.72,2.352,2.142
2008-09-03,3.248,0.913,1.684
2008-09-04,3.946,1.09,2.393
2008-09-05,5.349,2.324,2.099
2008-09-07,3.902,0.932,1.575
2008-09-09,3.889,1.412,2.251
2008-09-10,3.728,0.96,1.965
2008-09-11,4.438,1.329,2.602
2008-09-12,3.579,1.28,2.478
2008-09-13,3.909,1.519,2.551
2008-09-14,3.951,1.168,2.298
2008-09-15,4.157,1.473,2.463
2008-09-16,3.136,1.926,2.417
2008-09-18,5.515,0.93,1.476
2008-09-21,3.848,0.636,1.6
2008-09-24,4.736,0.965,2.107
2008-09-25,3.883,1.281,2.094
2008-09-26,3.859,1.025,2.061
2008-09-27,4.222,1.103,2.671
2008-09-28,3.256,0.638,2.951
2008-09-29,3.806,1.065,2.879
2008-09-30,3.996,0.85,2.658
2008-10-01,4.529,1.053,2.641
2008-10-02,3.146,0.624,2.897
2008-10-03,2.271,1.276,2.964
2008-10-04,3.059,1.754,2.274
2008-10-05,3.25,1.204,2.158
2008-10-06,3.399,0.941,1.795
2008-10-07,4.917,2.268,1.568
2008-10-08,4.531,1.146,1.45
2008-10-09,2.999,0.5,2.224
2008-10-10,4.08,1.11,2.539
2008-10-11,4.03,2.185,1.85
