year	month	han_pblh	mer_pblh
1980	1	1.0033225	1.1288651
1980	2	1.2754407	1.4073377
1980	3	1.3637352	1.394848
1980	4	1.505874	1.5266172
1980	5	1.6199704	1.6226482
1980	6	1.7960091	1.7768437
1980	7	1.4151276	1.5613154
1980	8	1.440013	1.6251149
1980	9	1.2437383	1.4979322
1980	10	1.5427536	1.4580365
1980	11	1.1714698	1.1377194
1980	12	1.040295	1.2071007
1981	1	1.0135351	1.094446
1981	2	1.0229169	1.2097485
1981	3	1.0190742	1.0509876
1981	4	1.3703871	1.4531149
1981	5	1.5568298	1.6105045
1981	6	1.6121018	1.7084659
1981	7	1.4129734	1.5029831
1981	8	1.1784239	1.3730016
1981	9	1.4624667	1.5522169
1981	10	1.1850835	1.4606
1981	11	0.84604716	1.0726053
1981	12	0.7492891	1.0132023
1982	1	1.0683608	1.3223028
1982	2	1.3382121	1.4642482
1982	3	1.2061784	1.2219667
1982	4	1.3693134	1.481871
1982	5	1.6177152	1.7651232
1982	6	1.6183574	1.6604997
1982	7	1.5392971	1.6471906
1982	8	1.5139651	1.58775
1982	9	1.2797061	1.580415
1982	10	1.4260156	1.507663
1982	11	1.2944361	1.4648597
1982	12	1.5268415	1.5532199
1983	1	1.5038146	1.5340378
1983	2	1.4646099	1.5231668
1983	3	1.7921987	1.7443653
1983	4	1.5949025	1.6142639
1983	5	1.5631915	1.5819031
1983	6	1.7521194	1.7601248
1983	7	1.594322	1.7142278
1983	8	1.467764	1.5808451
1983	9	1.236599	1.3985031
1983	10	1.4206252	1.533674
1983	11	1.2764727	1.2917119
1983	12	1.3110547	1.3788979
1984	1	1.3984735	1.5337281
1984	2	1.5105627	1.5882481
1984	3	1.3198421	1.3641526
1984	4	1.5870845	1.5902712
1984	5	1.6189569	1.6513007
1984	6	1.7213078	1.7043126
1984	7	1.5755198	1.6252913
1984	8	1.637636	1.6219494
1984	9	1.2834481	1.5679303
1984	10	1.1835533	1.4910451
1984	11	1.1349354	1.1641454
1984	12	1.6716202	1.8845512
1985	1	1.0833127	1.1777471
1985	2	1.5892206	1.6809176
1985	3	1.705756	1.7663437
1985	4	1.5864468	1.6525501
1985	5	1.6337603	1.7378373
1985	6	1.7432827	1.8707029
1985	7	1.6383191	1.7648369
1985	8	1.3715742	1.4817814
1985	9	1.4108902	1.6183296
1985	10	1.3619846	1.4770036
1985	11	1.3631186	1.3902419
1985	12	1.2121172	1.2880331
1986	1	1.0711669	1.1344161
1986	2	1.3450288	1.4044929
1986	3	1.571545	1.5659578
1986	4	1.6260507	1.6586523
1986	5	1.7048653	1.7475815
1986	6	1.570615	1.647445
1986	7	1.5187019	1.6282263
1986	8	1.4476762	1.5980917
1986	9	1.433769	1.6370391
1986	10	1.657424	1.6953871
1986	11	1.2162203	1.3804309
1986	12	1.2323763	1.0516511
1987	1	1.045848	1.0352224
1987	2	1.1182625	1.093279
1987	3	1.2617991	1.2235477
1987	4	1.6473875	1.619948
1987	5	1.6185502	1.6343098
1987	6	1.5920178	1.6865379
1987	7	1.5412023	1.6732594
1987	8	1.4992125	1.591401
1987	9	1.4840609	1.548103
1987	10	1.4221426	1.4784826
1987	11	1.2366065	1.3319151
1987	12	1.1474553	1.3104016
1988	1	1.2984006	1.3669647
1988	2	1.350535	1.5449386
1988	3	1.416758	1.4547088
1988	4	1.6105584	1.5861677
1988	5	1.8025739	1.8151857
1988	6	1.7727678	1.7376497
1988	7	1.4319222	1.5001243
1988	8	1.2771331	1.4557259
1988	9	1.4210848	1.5469604
1988	10	1.3494549	1.5322826
1988	11	1.2209295	1.1945575
1988	12	1.0099709	1.1108418
1989	1	1.4628868	1.6012242
1989	2	1.7498465	1.8152494
1989	3	1.4030946	1.4632246
1989	4	1.7634205	1.8904625
1989	5	1.6791534	1.7947415
1989	6	1.6058389	1.7533494
1989	7	1.4493084	1.5833759
1989	8	1.3516303	1.6267772
1989	9	1.3386505	1.4861175
1989	10	1.4464018	1.5263511
1989	11	1.1615909	1.2730294
1989	12	0.974834	1.0511923
1990	1	1.4164755	1.65125
1990	2	1.3581077	1.3949592
1990	3	1.3782727	1.3604981
1990	4	1.5689137	1.5650666
1990	5	1.6578681	1.6565219
1990	6	1.6102668	1.7097384
1990	7	1.530936	1.6197993
1990	8	1.499443	1.5643731
1990	9	1.4743652	1.5780883
1990	10	1.4963621	1.5773605
1990	11	1.1565846	1.2424761
1990	12	1.2819499	1.4642805
1991	1	1.325942	1.4485625
1991	2	1.5105692	1.6895387
1991	3	1.4495623	1.5808448
1991	4	1.6803604	1.7627276
1991	5	1.5453249	1.6404362
1991	6	1.6932963	1.7588629
1991	7	1.5176054	1.5859069
1991	8	1.4921275	1.5943894
1991	9	1.4968865	1.5648903
1991	10	1.2472303	1.4567503
1991	11	1.2443448	1.4207265
1991	12	1.1391978	1.3035622
1992	1	1.3933932	1.6072019
1992	2	1.5421432	1.561531
1992	3	1.7426431	1.822765
1992	4	1.563129	1.5420855
1992	5	1.5727317	1.6316926
1992	6	1.6645359	1.6597638
1992	7	1.5697286	1.5807114
1992	8	1.4829981	1.5190928
1992	9	1.2255045	1.3849149
1992	10	1.3258783	1.4475696
1992	11	1.2098751	1.2441183
1992	12	1.1122837	1.1639845
1993	1	1.5766912	1.6940191
1993	2	1.3796391	1.5438734
1993	3	1.5951698	1.7032262
1993	4	1.4121158	1.5301538
1993	5	1.5943545	1.619921
1993	6	1.6624584	1.7244519
1993	7	1.4331462	1.6117984
1993	8	1.413394	1.5524651
1993	9	1.3066295	1.5996583
1993	10	1.2469037	1.470151
1993	11	1.2580944	1.3824818
1993	12	1.1294569	1.3461996
1994	1	1.3500181	1.5656096
1994	2	1.6345156	1.7326612
1994	3	1.5423092	1.6397989
1994	4	1.6501718	1.78133
1994	5	1.527781	1.5895146
1994	6	1.7372037	1.7459472
1994	7	1.4959456	1.6247947
1994	8	1.401742	1.5587283
1994	9	1.0817455	1.4773744
1994	10	1.2855295	1.5296682
1994	11	1.3348255	1.2599292
1994	12	1.428766	1.4212466
1995	1	1.2363507	1.2382572
1995	2	1.3343209	1.3327287
1995	3	1.3660228	1.4331634
1995	4	1.4649023	1.5913593
1995	5	1.6204562	1.7323105
1995	6	1.4768504	1.6315348
1995	7	1.621407	1.6498562
1995	8	1.3250661	1.4767785
1995	9	1.3383632	1.5052346
1995	10	1.3667165	1.5050877
1995	11	1.359711	1.4392844
1995	12	1.3489385	1.4202873
1996	1	1.4750777	1.598608
1996	2	1.27174	1.3703803
1996	3	1.5257454	1.6276374
1996	4	1.5174384	1.5289893
1996	5	1.4913591	1.6695197
1996	6	1.6148692	1.6104314
1996	7	1.5304166	1.6480905
1996	8	1.3354232	1.4781588
1996	9	1.6111239	1.623543
1996	10	1.406666	1.5042695
1996	11	1.4319395	1.64485
1996	12	1.1402731	1.225024
1997	1	1.1914073	1.2399979
1997	2	1.6714109	1.7612967
1997	3	1.5490229	1.6550455
1997	4	1.3819685	1.5509913
1997	5	1.5617846	1.7045705
1997	6	1.5826808	1.6646416
1997	7	1.6366547	1.6989992
1997	8	1.4679316	1.5862695
1997	9	1.4518907	1.5117971
1997	10	1.3593421	1.455315
1997	11	1.2024075	1.3646216
1997	12	0.9414463	1.2458079
1998	1	1.161236	1.4808694
1998	2	1.3702862	1.4158843
1998	3	1.4096948	1.5242225
1998	4	1.4593204	1.5521071
1998	5	1.5002275	1.616387
1998	6	1.3805507	1.6532365
1998	7	1.5210167	1.5784235
1998	8	1.3428969	1.5208433
1998	9	1.3261808	1.4944333
1998	10	1.0743935	1.4450175
1998	11	1.0032039	1.1912869
1998	12	1.1378357	1.2629367
1999	1	1.3334748	1.419391
1999	2	1.3058361	1.3554404
1999	3	1.6892034	1.7664998
1999	4	1.6665657	1.8563802
1999	5	1.6092545	1.7086779
1999	6	1.6690471	1.7246237
1999	7	1.5288109	1.5758709
1999	8	1.4179624	1.5669595
1999	9	1.4629862	1.5549246
1999	10	1.4007152	1.5207212
1999	11	1.1195426	1.299582
1999	12	1.1541221	1.2261453
2000	1	1.4039406	1.4066734
2000	2	1.5038502	1.6245067
2000	3	1.6145631	1.6546264
2000	4	1.6235135	1.7066182
2000	5	1.7590954	1.7505563
2000	6	1.6617534	1.712495
2000	7	1.3533276	1.4725083
2000	8	1.5127952	1.6766969
2000	9	1.517172	1.5783864
2000	10	1.270305	1.3745711
2000	11	1.2646793	1.4131154
2000	12	1.2501649	1.3552294
2001	1	1.6432587	1.7028612
2001	2	1.5351336	1.6325871
2001	3	1.5348783	1.5588934
2001	4	1.556985	1.632814
2001	5	1.7701708	1.7560079
2001	6	1.6720297	1.7275355
2001	7	1.4110646	1.5008913
2001	8	1.3739599	1.5553195
2001	9	1.2533897	1.4902258
2001	10	1.2844607	1.3606935
2001	11	1.1093466	1.1536707
2001	12	1.2087493	1.317173
2002	1	1.306943	1.2897629
2002	2	1.2368971	1.4188668
2002	3	1.284178	1.39706
2002	4	1.5974461	1.6762395
2002	5	1.7341605	1.7768738
2002	6	1.7185842	1.7505337
2002	7	1.4720379	1.6720016
2002	8	1.3999071	1.5250871
2002	9	1.298497	1.6243639
2002	10	1.4779435	1.5967329
2002	11	1.3668147	1.3910484
2002	12	1.2896484	1.4794738
2003	1	1.2132493	1.3537656
2003	2	1.260818	1.4974056
2003	3	1.3688143	1.3107287
2003	4	1.5448829	1.570223
2003	5	1.7691106	1.8311529
2003	6	1.7474121	1.8001397
2003	7	1.575647	1.6400895
2003	8	1.2893329	1.4856138
2003	9	1.3758297	1.5677058
2003	10	1.3016553	1.4121695
2003	11	1.2683499	1.3840437
2003	12	1.1947895	1.2666365
2004	1	1.1882458	1.2067648
2004	2	1.2006313	1.2638737
2004	3	1.6332068	1.6414282
2004	4	1.6548284	1.679436
2004	5	1.6996758	1.6953741
2004	6	1.7842505	1.7447448
2004	7	1.6783226	1.8254685
2004	8	1.4244168	1.6822423
2004	9	1.2582994	1.457389
2004	10	1.4127586	1.5024849
2004	11	1.2333829	1.1543074
2004	12	1.3147883	1.485147
2005	1	1.2804955	1.388962
2005	2	1.5277808	1.634728
2005	3	1.2923751	1.3287128
2005	4	1.7211952	1.7835429
2005	5	1.5563776	1.6461114
2005	6	1.7042544	1.7350645
2005	7	1.5144978	1.6500499
2005	8	1.4177063	1.5622709
2005	9	1.3318998	1.5662695
2005	10	1.4583315	1.529047
2005	11	1.4679743	1.4959921
2005	12	1.1782435	1.2515885
2006	1	1.5107936	1.6520568
2006	2	1.2574943	1.2903289
2006	3	1.2880855	1.3703616
2006	4	1.6648239	1.7737218
2006	5	1.7155775	1.7173527
2006	6	1.6323831	1.8236696
2006	7	1.5554662	1.6323392
2006	8	1.2414247	1.3764473
2006	9	1.3032175	1.5074235
2006	10	1.608245	1.607975
2006	11	1.5537901	1.4352326
2006	12	1.3029505	1.4365904
2007	1	1.3847587	1.3929777
2007	2	1.1934173	1.3549123
2007	3	1.1585909	1.2717028
2007	4	1.7589166	1.7618711
2007	5	1.6380892	1.66538
2007	6	1.7981507	1.7441587
2007	7	1.6397793	1.7348468
2007	8	1.3654317	1.5332258
2007	9	1.4777184	1.717683
2007	10	1.3314122	1.6239725
2007	11	1.3043581	1.3060702
2007	12	1.5240734	1.6284282
2008	1	1.5198497	1.650838
2008	2	1.6417595	1.5446659
2008	3	1.5623491	1.5547327
2008	4	1.5251124	1.6357322
2008	5	1.6275547	1.6686081
2008	6	1.7005136	1.7796688
2008	7	1.6131649	1.7333044
2008	8	1.4055043	1.6223989
2008	9	1.5695021	1.755385
2008	10	1.5742904	1.5823452
2008	11	1.3297564	1.4456441
2008	12	1.116528	1.1913371
2009	1	1.3499287	1.5281829
2009	2	1.6174126	1.5897228
2009	3	1.5128026	1.4843352
2009	4	1.5491688	1.6618487
2009	5	1.7140558	1.7680088
2009	6	1.5478519	1.7515653
2009	7	1.5281092	1.71414
2009	8	1.7127341	1.6844342
2009	9	1.4702572	1.6167152
2009	10	1.3591299	1.6642883
2009	11	1.2848574	1.3951473
2009	12	1.104733	1.211788
2010	1	1.0139546	1.1581308
2010	2	1.2754842	1.3498225
2010	3	1.4686394	1.473492
2010	4	1.5619926	1.6063414
2010	5	1.6474177	1.6435243
2010	6	1.6787542	1.6754168
2010	7	1.395125	1.539281
2010	8	1.2870567	1.424837
2010	9	1.1874802	1.478909
2010	10	1.5901383	1.590161
2010	11	1.270371	1.3082898
2010	12	1.232147	1.2873483
2011	1	1.2818799	1.3265259
2011	2	1.3006023	1.4188154
2011	3	1.5390767	1.5880908
2011	4	1.6935796	1.7153344
2011	5	1.8019285	1.8152655
2011	6	1.72758	1.742105
2011	7	1.4457626	1.6227659
2011	8	1.5011822	1.564662
2011	9	1.2449348	1.4336125
2011	10	1.3032184	1.4836833
2011	11	1.231123	1.447477
2011	12	1.3357025	1.5302643
2012	1	1.2982334	1.3508912
2012	2	1.6642873	1.7135348
2012	3	1.7408701	1.809972
2012	4	1.4954147	1.5878968
2012	5	1.5733509	1.6976656
2012	6	1.6225637	1.8224723
2012	7	1.631664	1.7818452
2012	8	1.3885905	1.5787528
2012	9	1.3952597	1.665912
2012	10	1.7634097	1.9018636
2012	11	1.5214921	1.5428547
2012	12	1.5714309	1.685998
2013	1	1.4462152	1.4101521
2013	2	1.2694708	1.3578365
2013	3	1.3476669	1.4347786
2013	4	1.6849638	1.7622238
2013	5	1.769262	1.8442919
2013	6	1.6957636	1.7705139
2013	7	1.6306052	1.7993149
2013	8	1.4042403	1.4986291
2013	9	1.569758	1.7943523
2013	10	1.5447433	1.6694189
2013	11	1.334553	1.5724705
2013	12	1.5645345	1.6518145
2014	1	1.2656884	1.3951237
2014	2	1.5528657	1.7030404
2014	3	1.3433801	1.5237617
2014	4	1.6616092	1.7040503
2014	5	1.6141201	1.7460891
2014	6	1.7271166	1.8273286
2014	7	1.565801	1.7721466
2014	8	1.55119	1.7697618
2014	9	1.5723791	1.6342523
2014	10	1.5775449	1.6284058
2014	11	1.3486917	1.4087079
2014	12	1.3930298	1.589319
2015	1	1.627307	1.7275017
2015	2	1.3751881	1.4336946
2015	3	1.3941212	1.3938739
2015	4	1.7670945	1.7602556
2015	5	1.7224451	1.751046
2015	6	1.6432753	1.7292199
2015	7	1.6646054	1.6725264
2015	8	1.4176109	1.5758461
2015	9	1.3199515	1.7166718
2015	10	1.6858944	1.6764784
2015	11	1.3875362	1.5076984
2015	12	1.3486017	1.3348159
2016	1	1.235692	1.0914977
2016	2	1.5206418	1.4771026
2016	3	1.370764	1.3020386
2016	4	1.5479425	1.4949198
2016	5	1.7468898	1.7085233
2016	6	1.6029769	1.6371012
2016	7	1.4850953	1.6471752
2016	8	1.2654607	1.4733882
2016	9	1.6386014	1.8128114
2016	10	1.6300806	1.7869935
2016	11	1.6505756	1.8540142
2016	12	1.486913	1.684922
2017	1	1.366225	1.3943865
2017	2	1.2304469	1.2761856
2017	3	1.3566046	1.3264095
2017	4	1.5442231	1.4093586
2017	5	1.5509809	1.5638905
2017	6	1.6464834	1.64568
2017	7	1.3855548	1.5289357
2017	8	1.2855048	1.534517
2017	9	1.2792671	1.6133802
2017	10	1.5271397	1.6870139
2017	11	1.4477376	1.5042421
2017	12	1.2334588	1.3461633
2018	1	1.4672973	1.644214
2018	2	1.3404416	1.3528428
2018	3	1.4185905	1.3587976
2018	4	1.6041478	1.661833
2018	5	1.5650076	1.6703058
2018	6	1.6349208	1.6680261
2018	7	1.2592213	1.5137831
2018	8	1.2655246	1.4947664
2018	9	1.2486746	1.4771855
2018	10	1.409193	1.6413293
2018	11	1.0302467	1.091605
2018	12	1.0792277	1.022396
