year	month	han_pblh_avg	mer_pblh_avg	han_pblh_median	mer_pblh_median
1980	1	1.0033225	1.1288651	0.92907506	1.0739832
1980	2	1.2754407	1.4073377	1.1165161	1.3449534
1980	3	1.3637352	1.394848	1.141629	1.2568725
1980	4	1.505874	1.5266172	1.2793379	1.3580313
1980	5	1.6199704	1.6226482	1.5098712	1.4757607
1980	6	1.7960091	1.7768437	1.8473873	1.7863824
1980	7	1.4151276	1.5613154	1.2660421	1.4479403
1980	8	1.440013	1.6251149	1.313998	1.5798961
1980	9	1.2437383	1.4979322	1.2273893	1.3414354
1980	10	1.5427536	1.4580365	1.569345	1.3429075
1980	11	1.1714698	1.1377194	0.9095913	0.923878
1980	12	1.040295	1.2071007	0.8022529	1.1046913
1981	1	1.0135351	1.094446	0.9349588	1.0118616
1981	2	1.0229169	1.2097485	0.98021924	1.1279173
1981	3	1.0190742	1.0509876	0.90453386	0.9674674
1981	4	1.3703871	1.4531149	1.1502674	1.2827976
1981	5	1.5568298	1.6105045	1.4350891	1.4240298
1981	6	1.6121018	1.7084659	1.6270978	1.6674876
1981	7	1.4129734	1.5029831	1.2536232	1.3397677
1981	8	1.1784239	1.3730016	0.97475326	1.264212
1981	9	1.4624667	1.5522169	1.5831802	1.524411
1981	10	1.1850835	1.4606	0.8241559	1.3173667
1981	11	0.84604716	1.0726053	0.6170598	0.9966334
1981	12	0.7492891	1.0132023	0.5719516	0.9956083
1982	1	1.0683608	1.3223028	0.9867506	1.2817062
1982	2	1.3382121	1.4642482	1.2405317	1.4871931
1982	3	1.2061784	1.2219667	1.0216508	1.0910788
1982	4	1.3693134	1.481871	1.2680832	1.3112329
1982	5	1.6177152	1.7651232	1.6031029	1.7249846
1982	6	1.6183574	1.6604997	1.6303403	1.6257596
1982	7	1.5392971	1.6471906	1.5526334	1.6122495
1982	8	1.5139651	1.58775	1.516282	1.4894669
1982	9	1.2797061	1.580415	1.0605047	1.3841174
1982	10	1.4260156	1.507663	1.2497265	1.4226689
1982	11	1.2944361	1.4648597	1.053446	1.464451
1982	12	1.5268415	1.5532199	1.4384894	1.5413198
1983	1	1.5038146	1.5340378	1.4627979	1.4728734
1983	2	1.4646099	1.5231668	1.3443793	1.4523604
1983	3	1.7921987	1.7443653	1.8256729	1.7920426
1983	4	1.5949025	1.6142639	1.5198226	1.5667152
1983	5	1.5631915	1.5819031	1.5722743	1.5156422
1983	6	1.7521194	1.7601248	1.7905954	1.6941442
1983	7	1.594322	1.7142278	1.5862949	1.610832
1983	8	1.467764	1.5808451	1.4328604	1.4346049
1983	9	1.236599	1.3985031	1.000837	1.2284863
1983	10	1.4206252	1.533674	1.2687508	1.3938596
1983	11	1.2764727	1.2917119	1.0175574	1.0226448
1983	12	1.3110547	1.3788979	1.2152197	1.2761338
1984	1	1.3984735	1.5337281	1.3411906	1.4693661
1984	2	1.5105627	1.5882481	1.4211954	1.5897317
1984	3	1.3198421	1.3641526	1.0874565	1.2034714
1984	4	1.5870845	1.5902712	1.5090014	1.4548326
1984	5	1.6189569	1.6513007	1.4139183	1.4197309
1984	6	1.7213078	1.7043126	1.7246068	1.6418334
1984	7	1.5755198	1.6252913	1.5359569	1.5066175
1984	8	1.637636	1.6219494	1.6235306	1.5476801
1984	9	1.2834481	1.5679303	1.1487739	1.37629
1984	10	1.1835533	1.4910451	0.959997	1.3800087
1984	11	1.1349354	1.1641454	0.81496894	0.93896973
1984	12	1.6716202	1.8845512	1.5807534	1.840771
1985	1	1.0833127	1.1777471	0.9986783	1.0622013
1985	2	1.5892206	1.6809176	1.4778337	1.6565592
1985	3	1.705756	1.7663437	1.6039748	1.7213622
1985	4	1.5864468	1.6525501	1.4210311	1.4807849
1985	5	1.6337603	1.7378373	1.5296824	1.602144
1985	6	1.7432827	1.8707029	1.8283356	1.8028243
1985	7	1.6383191	1.7648369	1.6507525	1.7762187
1985	8	1.3715742	1.4817814	1.2648857	1.4024397
1985	9	1.4108902	1.6183296	1.4475226	1.6121345
1985	10	1.3619846	1.4770036	1.1955068	1.3513672
1985	11	1.3631186	1.3902419	1.2093923	1.244515
1985	12	1.2121172	1.2880331	1.0393598	1.1584537
1986	1	1.0711669	1.1344161	0.8737166	1.0284
1986	2	1.3450288	1.4044929	1.1932502	1.2963339
1986	3	1.571545	1.5659578	1.5783452	1.5189227
1986	4	1.6260507	1.6586523	1.5122529	1.6128188
1986	5	1.7048653	1.7475815	1.6700239	1.7568498
1986	6	1.570615	1.647445	1.5100188	1.546941
1986	7	1.5187019	1.6282263	1.4419606	1.5890305
1986	8	1.4476762	1.5980917	1.4561911	1.5474343
1986	9	1.433769	1.6370391	1.2693781	1.5202174
1986	10	1.657424	1.6953871	1.7882079	1.6737432
1986	11	1.2162203	1.3804309	1.0002859	1.2663956
1986	12	1.2323763	1.0516511	1.3288095	1.0417521
1987	1	1.045848	1.0352224	0.9633187	1.0011632
1987	2	1.1182625	1.093279	1.0140445	1.0100753
1987	3	1.2617991	1.2235477	0.9938205	0.95108557
1987	4	1.6473875	1.619948	1.5559661	1.5443189
1987	5	1.6185502	1.6343098	1.5835427	1.6291428
1987	6	1.5920178	1.6865379	1.613624	1.6184087
1987	7	1.5412023	1.6732594	1.50208	1.6284254
1987	8	1.4992125	1.591401	1.2942795	1.3879449
1987	9	1.4840609	1.548103	1.2906531	1.4462473
1987	10	1.4221426	1.4784826	1.265636	1.4184325
1987	11	1.2366065	1.3319151	0.93515694	1.1320547
1987	12	1.1474553	1.3104016	1.0141159	1.3558533
1988	1	1.2984006	1.3669647	1.0815141	1.2513423
1988	2	1.350535	1.5449386	1.2387941	1.4619803
1988	3	1.416758	1.4547088	1.2423182	1.2962265
1988	4	1.6105584	1.5861677	1.5185856	1.4610059
1988	5	1.8025739	1.8151857	1.6614741	1.7724189
1988	6	1.7727678	1.7376497	1.6764815	1.6552275
1988	7	1.4319222	1.5001243	1.2759068	1.3041645
1988	8	1.2771331	1.4557259	1.0427465	1.2001451
1988	9	1.4210848	1.5469604	1.3352381	1.4884176
1988	10	1.3494549	1.5322826	1.1287736	1.4500748
1988	11	1.2209295	1.1945575	1.0355017	1.0088825
1988	12	1.0099709	1.1108418	0.7675028	0.93866396
1989	1	1.4628868	1.6012242	1.4400728	1.6911614
1989	2	1.7498465	1.8152494	1.775516	1.9117178
1989	3	1.4030946	1.4632246	1.2248261	1.3478636
1989	4	1.7634205	1.8904625	1.7408755	1.8971381
1989	5	1.6791534	1.7947415	1.5708109	1.6629603
1989	6	1.6058389	1.7533494	1.5578376	1.7135874
1989	7	1.4493084	1.5833759	1.3720272	1.4749131
1989	8	1.3516303	1.6267772	1.1945773	1.5246662
1989	9	1.3386505	1.4861175	1.224179	1.2268977
1989	10	1.4464018	1.5263511	1.2718047	1.368571
1989	11	1.1615909	1.2730294	0.9437276	1.1375263
1989	12	0.974834	1.0511923	0.8342002	0.9259728
1990	1	1.4164755	1.65125	1.3118694	1.6446142
1990	2	1.3581077	1.3949592	1.2051499	1.3852842
1990	3	1.3782727	1.3604981	1.3256016	1.2643652
1990	4	1.5689137	1.5650666	1.3844624	1.4717352
1990	5	1.6578681	1.6565219	1.5452528	1.5042207
1990	6	1.6102668	1.7097384	1.5484914	1.5733423
1990	7	1.530936	1.6197993	1.4505798	1.5491427
1990	8	1.499443	1.5643731	1.3224833	1.5117879
1990	9	1.4743652	1.5780883	1.4674966	1.5120983
1990	10	1.4963621	1.5773605	1.3752792	1.4818882
1990	11	1.1565846	1.2424761	0.89011735	1.0261601
1990	12	1.2819499	1.4642805	1.2311013	1.4928501
1991	1	1.325942	1.4485625	1.1635387	1.327807
1991	2	1.5105692	1.6895387	1.4299264	1.6780916
1991	3	1.4495623	1.5808448	1.3590372	1.4632263
1991	4	1.6803604	1.7627276	1.6136992	1.6827896
1991	5	1.5453249	1.6404362	1.4263945	1.5082128
1991	6	1.6932963	1.7588629	1.6810963	1.7809899
1991	7	1.5176054	1.5859069	1.4384031	1.519357
1991	8	1.4921275	1.5943894	1.3199263	1.4811785
1991	9	1.4968865	1.5648903	1.4655883	1.3811605
1991	10	1.2472303	1.4567503	0.9804795	1.332073
1991	11	1.2443448	1.4207265	1.0043664	1.3622732
1991	12	1.1391978	1.3035622	0.98281777	1.225761
1992	1	1.3933932	1.6072019	1.3275942	1.543457
1992	2	1.5421432	1.561531	1.5215105	1.536232
1992	3	1.7426431	1.822765	1.6789896	1.8483036
1992	4	1.563129	1.5420855	1.440605	1.4329364
1992	5	1.5727317	1.6316926	1.4249755	1.4551919
1992	6	1.6645359	1.6597638	1.6931002	1.6345798
1992	7	1.5697286	1.5807114	1.5158944	1.4730728
1992	8	1.4829981	1.5190928	1.3915156	1.407444
1992	9	1.2255045	1.3849149	0.99669605	1.2233367
1992	10	1.3258783	1.4475696	1.0569258	1.2614386
1992	11	1.2098751	1.2441183	0.9516224	1.1069455
1992	12	1.1122837	1.1639845	0.8698353	0.9844793
1993	1	1.5766912	1.6940191	1.4979589	1.7414178
1993	2	1.3796391	1.5438734	1.2292792	1.4763821
1993	3	1.5951698	1.7032262	1.5911665	1.7457535
1993	4	1.4121158	1.5301538	1.1775038	1.4006083
1993	5	1.5943545	1.619921	1.4177079	1.4469588
1993	6	1.6624584	1.7244519	1.6385541	1.6463122
1993	7	1.4331462	1.6117984	1.4196224	1.5406171
1993	8	1.413394	1.5524651	1.3006041	1.3996327
1993	9	1.3066295	1.5996583	1.1916912	1.4593668
1993	10	1.2469037	1.470151	0.92620605	1.3165256
1993	11	1.2580944	1.3824818	0.93991476	1.2776494
1993	12	1.1294569	1.3461996	0.8712917	1.2726562
1994	1	1.3500181	1.5656096	1.252311	1.4509006
1994	2	1.6345156	1.7326612	1.592301	1.7503679
1994	3	1.5423092	1.6397989	1.3781149	1.5476804
1994	4	1.6501718	1.78133	1.6040611	1.8119075
1994	5	1.527781	1.5895146	1.3948765	1.4388735
1994	6	1.7372037	1.7459472	1.7411695	1.7118027
1994	7	1.4959456	1.6247947	1.4179145	1.6329622
1994	8	1.401742	1.5587283	1.2667732	1.4878813
1994	9	1.0817455	1.4773744	0.80169	1.3186977
1994	10	1.2855295	1.5296682	1.0460497	1.394582
1994	11	1.3348255	1.2599292	1.1797341	1.0665581
1994	12	1.428766	1.4212466	1.3747833	1.4268717
1995	1	1.2363507	1.2382572	1.1451831	1.1883073
1995	2	1.3343209	1.3327287	1.2809312	1.2436869
1995	3	1.3660228	1.4331634	1.2645202	1.4014845
1995	4	1.4649023	1.5913593	1.2883022	1.4749246
1995	5	1.6204562	1.7323105	1.6253263	1.6394562
1995	6	1.4768504	1.6315348	1.4818332	1.5169148
1995	7	1.621407	1.6498562	1.5179391	1.5512002
1995	8	1.3250661	1.4767785	1.2187724	1.3410873
1995	9	1.3383632	1.5052346	1.3783836	1.4030704
1995	10	1.3667165	1.5050877	1.2237246	1.3900589
1995	11	1.359711	1.4392844	1.2224953	1.3655403
1995	12	1.3489385	1.4202873	1.2343583	1.4002645
1996	1	1.4750777	1.598608	1.4311045	1.6205465
1996	2	1.27174	1.3703803	1.1448867	1.2957821
1996	3	1.5257454	1.6276374	1.414199	1.603462
1996	4	1.5174384	1.5289893	1.4192901	1.4380393
1996	5	1.4913591	1.6695197	1.2675493	1.5013329
1996	6	1.6148692	1.6104314	1.6646458	1.5971432
1996	7	1.5304166	1.6480905	1.4805502	1.5302893
1996	8	1.3354232	1.4781588	1.2475938	1.4057682
1996	9	1.6111239	1.623543	1.6043997	1.5406406
1996	10	1.406666	1.5042695	1.2972145	1.395098
1996	11	1.4319395	1.64485	1.2670293	1.6710652
1996	12	1.1402731	1.225024	1.044441	1.1748571
1997	1	1.1914073	1.2399979	1.053233	1.1517227
1997	2	1.6714109	1.7612967	1.5389907	1.7410631
1997	3	1.5490229	1.6550455	1.4688699	1.6091794
1997	4	1.3819685	1.5509913	1.2391477	1.4604775
1997	5	1.5617846	1.7045705	1.4664292	1.6465569
1997	6	1.5826808	1.6646416	1.5177414	1.5550305
1997	7	1.6366547	1.6989992	1.5895993	1.6901913
1997	8	1.4679316	1.5862695	1.3989186	1.4368706
1997	9	1.4518907	1.5117971	1.4272094	1.2794195
1997	10	1.3593421	1.455315	1.1820635	1.2634859
1997	11	1.2024075	1.3646216	1.0537701	1.3019907
1997	12	0.9414463	1.2458079	0.84504485	1.1045272
1998	1	1.161236	1.4808694	1.1025603	1.4523293
1998	2	1.3702862	1.4158843	1.2852893	1.4087496
1998	3	1.4096948	1.5242225	1.3494492	1.4574568
1998	4	1.4593204	1.5521071	1.3480854	1.4260777
1998	5	1.5002275	1.616387	1.2837694	1.4089129
1998	6	1.3805507	1.6532365	1.2805743	1.5123198
1998	7	1.5210167	1.5784235	1.4819474	1.5093218
1998	8	1.3428969	1.5208433	1.250475	1.4021959
1998	9	1.3261808	1.4944333	1.1821828	1.2756431
1998	10	1.0743935	1.4450175	0.84191453	1.3007541
1998	11	1.0032039	1.1912869	0.71214986	1.0087252
1998	12	1.1378357	1.2629367	0.91903055	1.2110031
1999	1	1.3334748	1.419391	1.1987195	1.3757495
1999	2	1.3058361	1.3554404	1.2533296	1.2806597
1999	3	1.6892034	1.7664998	1.6338141	1.7554433
1999	4	1.6665657	1.8563802	1.6289215	1.8346913
1999	5	1.6092545	1.7086779	1.5060726	1.6478993
1999	6	1.6690471	1.7246237	1.7002425	1.7696676
1999	7	1.5288109	1.5758709	1.4365256	1.4779043
1999	8	1.4179624	1.5669595	1.273489	1.4725566
1999	9	1.4629862	1.5549246	1.5332665	1.5205362
1999	10	1.4007152	1.5207212	1.253871	1.38692
1999	11	1.1195426	1.299582	0.7636782	1.1102879
1999	12	1.1541221	1.2261453	0.97843456	1.12125
2000	1	1.4039406	1.4066734	1.3158991	1.3924239
2000	2	1.5038502	1.6245067	1.446065	1.6462023
2000	3	1.6145631	1.6546264	1.5223756	1.6435556
2000	4	1.6235135	1.7066182	1.4710841	1.6602135
2000	5	1.7590954	1.7505563	1.7247758	1.7831883
2000	6	1.6617534	1.712495	1.738753	1.748785
2000	7	1.3533276	1.4725083	1.2081376	1.3589315
2000	8	1.5127952	1.6766969	1.5166209	1.6500154
2000	9	1.517172	1.5783864	1.5293691	1.4536359
2000	10	1.270305	1.3745711	0.9380651	1.0892253
2000	11	1.2646793	1.4131154	0.9490216	1.2547736
2000	12	1.2501649	1.3552294	0.9924865	1.2366358
2001	1	1.6432587	1.7028612	1.5822406	1.7453254
2001	2	1.5351336	1.6325871	1.4510663	1.6118953
2001	3	1.5348783	1.5588934	1.4578737	1.4405266
2001	4	1.556985	1.632814	1.3805921	1.4419641
2001	5	1.7701708	1.7560079	1.7874506	1.6804273
2001	6	1.6720297	1.7275355	1.702612	1.6925898
2001	7	1.4110646	1.5008913	1.2824671	1.3855717
2001	8	1.3739599	1.5553195	1.2662394	1.463258
2001	9	1.2533897	1.4902258	1.0861664	1.3122882
2001	10	1.2844607	1.3606935	0.94660646	1.1311111
2001	11	1.1093466	1.1536707	0.82895714	0.99625164
2001	12	1.2087493	1.317173	1.0881582	1.2545661
2002	1	1.306943	1.2897629	1.1952903	1.1820086
2002	2	1.2368971	1.4188668	1.1166471	1.4034302
2002	3	1.284178	1.39706	1.1053787	1.2314684
2002	4	1.5974461	1.6762395	1.5570405	1.6289867
2002	5	1.7341605	1.7768738	1.6224858	1.6802657
2002	6	1.7185842	1.7505337	1.6495423	1.6695676
2002	7	1.4720379	1.6720016	1.4894376	1.740808
2002	8	1.3999071	1.5250871	1.3262286	1.4132496
2002	9	1.298497	1.6243639	1.2018449	1.4790864
2002	10	1.4779435	1.5967329	1.3941889	1.4294457
2002	11	1.3668147	1.3910484	1.2096746	1.2963936
2002	12	1.2896484	1.4794738	1.2100437	1.439749
2003	1	1.2132493	1.3537656	1.1343893	1.269386
2003	2	1.260818	1.4974056	1.1547157	1.4241853
2003	3	1.3688143	1.3107287	1.1466447	1.1560817
2003	4	1.5448829	1.570223	1.4363291	1.450215
2003	5	1.7691106	1.8311529	1.7503095	1.8483112
2003	6	1.7474121	1.8001397	1.7565656	1.7907337
2003	7	1.575647	1.6400895	1.6137011	1.5788851
2003	8	1.2893329	1.4856138	1.1087278	1.3171377
2003	9	1.3758297	1.5677058	1.366549	1.4620531
2003	10	1.3016553	1.4121695	1.1643009	1.1857326
2003	11	1.2683499	1.3840437	1.0052321	1.3188152
2003	12	1.1947895	1.2666365	1.1119174	1.1362133
2004	1	1.1882458	1.2067648	1.036073	1.0824698
2004	2	1.2006313	1.2638737	1.0271325	1.2022432
2004	3	1.6332068	1.6414282	1.6742754	1.6819425
2004	4	1.6548284	1.679436	1.5881717	1.5660467
2004	5	1.6996758	1.6953741	1.6751587	1.6904085
2004	6	1.7842505	1.7447448	1.858454	1.7264335
2004	7	1.6783226	1.8254685	1.7183189	1.8313537
2004	8	1.4244168	1.6822423	1.3523234	1.62689
2004	9	1.2582994	1.457389	1.1015799	1.364985
2004	10	1.4127586	1.5024849	1.3484027	1.3810437
2004	11	1.2333829	1.1543074	0.9461173	0.94700396
2004	12	1.3147883	1.485147	1.1276553	1.4541013
2005	1	1.2804955	1.388962	1.1524063	1.3449087
2005	2	1.5277808	1.634728	1.4733366	1.5614588
2005	3	1.2923751	1.3287128	1.1292727	1.2357123
2005	4	1.7211952	1.7835429	1.7691319	1.8897636
2005	5	1.5563776	1.6461114	1.3836174	1.4654325
2005	6	1.7042544	1.7350645	1.6781017	1.6752565
2005	7	1.5144978	1.6500499	1.5315492	1.6683054
2005	8	1.4177063	1.5622709	1.3513601	1.3717582
2005	9	1.3318998	1.5662695	1.2385247	1.4557743
2005	10	1.4583315	1.529047	1.3521645	1.3539077
2005	11	1.4679743	1.4959921	1.3760786	1.3958355
2005	12	1.1782435	1.2515885	1.0218017	1.2492275
2006	1	1.5107936	1.6520568	1.5263441	1.6821922
2006	2	1.2574943	1.2903289	1.0935647	1.1709588
2006	3	1.2880855	1.3703616	1.0310172	1.2082528
2006	4	1.6648239	1.7737218	1.5834966	1.8555267
2006	5	1.7155775	1.7173527	1.7809922	1.686375
2006	6	1.6323831	1.8236696	1.6427598	1.8416555
2006	7	1.5554662	1.6323392	1.508739	1.617004
2006	8	1.2414247	1.3764473	0.89873505	1.141597
2006	9	1.3032175	1.5074235	1.2521037	1.4420192
2006	10	1.608245	1.607975	1.6024065	1.5371084
2006	11	1.5537901	1.4352326	1.4959872	1.4806929
2006	12	1.3029505	1.4365904	1.1641525	1.4592559
2007	1	1.3847587	1.3929777	1.372092	1.3851546
2007	2	1.1934173	1.3549123	1.1329143	1.3208306
2007	3	1.1585909	1.2717028	1.000843	1.1823343
2007	4	1.7589166	1.7618711	1.7563614	1.7130256
2007	5	1.6380892	1.66538	1.5191038	1.522691
2007	6	1.7981507	1.7441587	1.9316024	1.7473874
2007	7	1.6397793	1.7348468	1.6961126	1.7751718
2007	8	1.3654317	1.5332258	1.2353783	1.4478147
2007	9	1.4777184	1.717683	1.5067986	1.6035826
2007	10	1.3314122	1.6239725	1.0978158	1.4402891
2007	11	1.3043581	1.3060702	1.0207593	1.1493678
2007	12	1.5240734	1.6284282	1.451286	1.6318454
2008	1	1.5198497	1.650838	1.5037079	1.6667846
2008	2	1.6417595	1.5446659	1.7018209	1.494666
2008	3	1.5623491	1.5547327	1.4856751	1.4464457
2008	4	1.5251124	1.6357322	1.3704911	1.4641827
2008	5	1.6275547	1.6686081	1.5353172	1.5847529
2008	6	1.7005136	1.7796688	1.7215514	1.8648573
2008	7	1.6131649	1.7333044	1.709232	1.7575967
2008	8	1.4055043	1.6223989	1.2659802	1.5150311
2008	9	1.5695021	1.755385	1.604895	1.7483907
2008	10	1.5742904	1.5823452	1.453604	1.4792094
2008	11	1.3297564	1.4456441	1.0918926	1.3878527
2008	12	1.116528	1.1913371	0.8227177	1.128983
2009	1	1.3499287	1.5281829	1.2289692	1.4694556
2009	2	1.6174126	1.5897228	1.6624254	1.5833352
2009	3	1.5128026	1.4843352	1.3968076	1.3294232
2009	4	1.5491688	1.6618487	1.4401183	1.5936496
2009	5	1.7140558	1.7680088	1.678125	1.7115364
2009	6	1.5478519	1.7515653	1.5219457	1.7326021
2009	7	1.5281092	1.71414	1.4922215	1.7384067
2009	8	1.7127341	1.6844342	1.7776188	1.678156
2009	9	1.4702572	1.6167152	1.5246239	1.4827433
2009	10	1.3591299	1.6642883	1.1782483	1.6134841
2009	11	1.2848574	1.3951473	1.0959516	1.2965822
2009	12	1.104733	1.211788	0.8321636	1.0410304
2010	1	1.0139546	1.1581308	0.73452604	1.0034384
2010	2	1.2754842	1.3498225	1.1041925	1.2324313
2010	3	1.4686394	1.473492	1.3384476	1.4270465
2010	4	1.5619926	1.6063414	1.3712876	1.4011528
2010	5	1.6474177	1.6435243	1.5240967	1.5070677
2010	6	1.6787542	1.6754168	1.6127201	1.5556417
2010	7	1.395125	1.539281	1.3272276	1.466469
2010	8	1.2870567	1.424837	1.1072583	1.2534707
2010	9	1.1874802	1.478909	1.0220981	1.3598331
2010	10	1.5901383	1.590161	1.5641053	1.5570605
2010	11	1.270371	1.3082898	1.1625736	1.1392581
2010	12	1.232147	1.2873483	1.1645551	1.2414813
2011	1	1.2818799	1.3265259	1.2119448	1.3114126
2011	2	1.3006023	1.4188154	1.1749017	1.365401
2011	3	1.5390767	1.5880908	1.4277245	1.5209606
2011	4	1.6935796	1.7153344	1.6041306	1.6822377
2011	5	1.8019285	1.8152655	1.756851	1.8107445
2011	6	1.72758	1.742105	1.7783743	1.755077
2011	7	1.4457626	1.6227659	1.4437683	1.6430688
2011	8	1.5011822	1.564662	1.4955463	1.4567645
2011	9	1.2449348	1.4336125	1.1560009	1.3309709
2011	10	1.3032184	1.4836833	1.1109324	1.354769
2011	11	1.231123	1.447477	0.9632304	1.33735
2011	12	1.3357025	1.5302643	1.2512121	1.5167725
2012	1	1.2982334	1.3508912	1.2231615	1.2466424
2012	2	1.6642873	1.7135348	1.6040943	1.6937172
2012	3	1.7408701	1.809972	1.7311865	1.8740625
2012	4	1.4954147	1.5878968	1.2655036	1.4128191
2012	5	1.5733509	1.6976656	1.492872	1.572763
2012	6	1.6225637	1.8224723	1.6314737	1.797266
2012	7	1.631664	1.7818452	1.6198599	1.8685232
2012	8	1.3885905	1.5787528	1.2203413	1.4711344
2012	9	1.3952597	1.665912	1.2774222	1.6290146
2012	10	1.7634097	1.9018636	1.7267835	1.8151431
2012	11	1.5214921	1.5428547	1.4676404	1.4139436
2012	12	1.5714309	1.685998	1.5463803	1.6598217
2013	1	1.4462152	1.4101521	1.4040912	1.3671466
2013	2	1.2694708	1.3578365	1.139887	1.2367542
2013	3	1.3476669	1.4347786	1.2306489	1.3185997
2013	4	1.6849638	1.7622238	1.6585352	1.7316111
2013	5	1.769262	1.8442919	1.7466767	1.7838421
2013	6	1.6957636	1.7705139	1.7561519	1.8141328
2013	7	1.6306052	1.7993149	1.6985397	1.7886323
2013	8	1.4042403	1.4986291	1.2912738	1.3808988
2013	9	1.569758	1.7943523	1.6804247	1.8922418
2013	10	1.5447433	1.6694189	1.5646499	1.6067997
2013	11	1.334553	1.5724705	1.2134584	1.5458403
2013	12	1.5645345	1.6518145	1.588212	1.6320395
2014	1	1.2656884	1.3951237	1.2426516	1.3200617
2014	2	1.5528657	1.7030404	1.4731723	1.7061238
2014	3	1.3433801	1.5237617	1.2239792	1.4688832
2014	4	1.6616092	1.7040503	1.5479305	1.6245513
2014	5	1.6141201	1.7460891	1.512413	1.6328928
2014	6	1.7271166	1.8273286	1.8265674	1.8429823
2014	7	1.565801	1.7721466	1.5692976	1.7857282
2014	8	1.55119	1.7697618	1.53839	1.801316
2014	9	1.5723791	1.6342523	1.6110227	1.5870275
2014	10	1.5775449	1.6284058	1.5037425	1.5538478
2014	11	1.3486917	1.4087079	1.2100894	1.2418728
2014	12	1.3930298	1.589319	1.2255981	1.5138599
2015	1	1.627307	1.7275017	1.518984	1.695483
2015	2	1.3751881	1.4336946	1.2261707	1.3601084
2015	3	1.3941212	1.3938739	1.3186427	1.2806245
2015	4	1.7670945	1.7602556	1.7084353	1.676049
2015	5	1.7224451	1.751046	1.7055964	1.6925559
2015	6	1.6432753	1.7292199	1.6898514	1.7536793
2015	7	1.6646054	1.6725264	1.7661173	1.6941967
2015	8	1.4176109	1.5758461	1.3669682	1.4839783
2015	9	1.3199515	1.7166718	1.2870984	1.6596161
2015	10	1.6858944	1.6764784	1.7531817	1.6610308
2015	11	1.3875362	1.5076984	1.3000927	1.4089057
2015	12	1.3486017	1.3348159	1.259263	1.2306542
2016	1	1.235692	1.0914977	1.0981003	1.0106804
2016	2	1.5206418	1.4771026	1.453615	1.3809991
2016	3	1.370764	1.3020386	1.339808	1.2256255
2016	4	1.5479425	1.4949198	1.4579906	1.3730195
2016	5	1.7468898	1.7085233	1.7820742	1.6684928
2016	6	1.6029769	1.6371012	1.5840062	1.5551398
2016	7	1.4850953	1.6471752	1.4212159	1.6471775
2016	8	1.2654607	1.4733882	1.0300008	1.3340957
2016	9	1.6386014	1.8128114	1.6384315	1.8684957
2016	10	1.6300806	1.7869935	1.4982955	1.7483103
2016	11	1.6505756	1.8540142	1.5769916	1.851832
2016	12	1.486913	1.684922	1.4184854	1.766314
2017	1	1.366225	1.3943865	1.3037744	1.3093556
2017	2	1.2304469	1.2761856	1.1410952	1.1684802
2017	3	1.3566046	1.3264095	1.2337301	1.2004237
2017	4	1.5442231	1.4093586	1.4895058	1.3689461
2017	5	1.5509809	1.5638905	1.4339025	1.4676676
2017	6	1.6464834	1.64568	1.6916888	1.5910165
2017	7	1.3855548	1.5289357	1.1725599	1.4181821
2017	8	1.2855048	1.534517	1.1921006	1.4791481
2017	9	1.2792671	1.6133802	1.1921326	1.591231
2017	10	1.5271397	1.6870139	1.5510144	1.629061
2017	11	1.4477376	1.5042421	1.3032998	1.3963001
2017	12	1.2334588	1.3461633	1.1438137	1.2683933
2018	1	1.4672973	1.644214	1.3780951	1.6650426
2018	2	1.3404416	1.3528428	1.2330744	1.2687438
2018	3	1.4185905	1.3587976	1.2890275	1.2680509
2018	4	1.6041478	1.661833	1.6000593	1.6065636
2018	5	1.5650076	1.6703058	1.4265759	1.5896671
2018	6	1.6349208	1.6680261	1.6444227	1.6410749
2018	7	1.2592213	1.5137831	1.0783802	1.451586
2018	8	1.2655246	1.4947664	1.1279743	1.3608407
2018	9	1.2486746	1.4771855	1.1477041	1.2660682
2018	10	1.409193	1.6413293	1.2176254	1.5509963
2018	11	1.0302467	1.091605	0.89208776	1.0157576
2018	12	1.0792277	1.022396	0.9819931	0.9617838
